time	V(rect_+)	V(rect_-)
0.000000000000000e+000	0.000000e+000	0.000000e+000
1.755562372196256e-006	-1.974549e-014	1.974538e-014
3.511124744392512e-006	-1.670282e-014	1.670273e-014
5.266687116588768e-006	9.128014e-015	-9.127972e-015
7.022249488785024e-006	5.774700e-014	-5.774671e-014
8.777811860981279e-006	1.291542e-013	-1.291535e-013
1.053337423317754e-005	2.233495e-013	-2.233483e-013
1.228893660537379e-005	3.403329e-013	-3.403312e-013
2.457690836697311e-005	3.687470e-012	-3.687453e-012
2.995589904099359e-005	1.083831e-011	-1.083827e-011
3.358942449876797e-005	2.572936e-011	-2.572927e-011
3.583708011344352e-005	4.659756e-011	-4.659741e-011
3.897642270511994e-005	1.203761e-010	-1.203757e-010
4.219049565193596e-005	3.412337e-010	-3.412328e-010
4.381689729972964e-005	5.794563e-010	-5.794547e-010
4.547113841557747e-005	9.939531e-010	-9.939505e-010
4.710638174879707e-005	1.696114e-009	-1.696110e-009
4.875633854695847e-005	2.909350e-009	-2.909342e-009
5.039425457212590e-005	4.972825e-009	-4.972812e-009
5.204105874384469e-005	8.525201e-009	-8.525179e-009
5.368078189592932e-005	1.458302e-008	-1.458299e-008
5.532620851062420e-005	2.498949e-008	-2.498942e-008
5.696785708699414e-005	4.276380e-008	-4.276369e-008
5.861377200556959e-005	7.325688e-008	-7.325669e-008
6.025873767995578e-005	1.253859e-007	-1.253855e-007
6.190854959259125e-005	2.147357e-007	-2.147351e-007
6.356156216727684e-005	3.675436e-007	-3.675426e-007
6.522386589134336e-005	6.292826e-007	-6.292810e-007
6.689855045592377e-005	1.077031e-006	-1.077028e-006
6.859584231160845e-005	1.844044e-006	-1.844039e-006
7.032725188995026e-005	3.158433e-006	-3.158425e-006
7.211276071832490e-005	5.417878e-006	-5.417863e-006
7.397742574449496e-005	9.316444e-006	-9.316416e-006
7.595612939043371e-005	1.608743e-005	-1.608738e-005
7.809126285596008e-005	2.793539e-005	-2.793530e-005
8.043628922598733e-005	4.885738e-005	-4.885722e-005
8.305512169352978e-005	8.614504e-005	-8.614472e-005
8.602633049453588e-005	1.532385e-004	-1.532379e-004
8.944493965742371e-005	2.750492e-004	-2.750480e-004
9.342843710130518e-005	4.980951e-004	-4.980924e-004
9.811870617846344e-005	9.094863e-004	-9.094808e-004
1.037015885340776e-004	1.674665e-003	-1.674654e-003
1.104021528415749e-004	3.106955e-003	-3.106929e-003
1.185114537273358e-004	5.806162e-003	-5.806106e-003
1.283980880204958e-004	1.092356e-002	-1.092343e-002
1.405500470328708e-004	2.069224e-002	-2.069195e-002
1.556164546660221e-004	3.947685e-002	-3.947619e-002
1.745078976528513e-004	7.594926e-002	-7.594771e-002
1.985689461429346e-004	1.477336e-001	-1.477299e-001
2.300087710333438e-004	2.922830e-001	-2.922746e-001
2.731341306802697e-004	5.969455e-001	-5.969259e-001
3.403505150721215e-004	1.276873e+000	-1.276829e+000
4.169577348270317e-004	2.262126e+000	-2.262051e+000
4.938811027699941e-004	3.345316e+000	-3.345219e+000
5.820020177857005e-004	4.477905e+000	-4.477803e+000
6.732260062174301e-004	5.347827e+000	-5.347736e+000
7.708822562174301e-004	5.915724e+000	-5.915639e+000
8.685385062174300e-004	6.280046e+000	-6.279947e+000
9.661947562174300e-004	6.701376e+000	-6.701260e+000
1.063851006217430e-003	7.383694e+000	-7.383574e+000
1.161507256217430e-003	8.353901e+000	-8.353786e+000
1.259163506217430e-003	9.461176e+000	-9.461051e+000
1.356819756217430e-003	1.047905e+001	-1.047890e+001
1.454476006217430e-003	1.124418e+001	-1.124401e+001
1.552132256217430e-003	1.174766e+001	-1.174749e+001
1.649788506217431e-003	1.212667e+001	-1.212649e+001
1.747444756217431e-003	1.256946e+001	-1.256928e+001
1.845101006217431e-003	1.319938e+001	-1.319920e+001
1.942757256217431e-003	1.400827e+001	-1.400809e+001
2.040413506217431e-003	1.487243e+001	-1.487225e+001
2.138069756217431e-003	1.563431e+001	-1.563410e+001
2.235726006217431e-003	1.619780e+001	-1.619757e+001
2.333382256217431e-003	1.657964e+001	-1.657939e+001
2.431038506217431e-003	1.688881e+001	-1.688854e+001
2.528694756217431e-003	1.725273e+001	-1.725246e+001
2.626351006217431e-003	1.774028e+001	-1.774004e+001
2.724007256217432e-003	1.832750e+001	-1.832729e+001
2.736214287467432e-003	1.840678e+001	-1.840656e+001
2.760628349967432e-003	1.856674e+001	-1.856648e+001
2.809456474967431e-003	1.887304e+001	-1.887260e+001
2.855216863177206e-003	1.912961e+001	-1.912896e+001
2.929109168169331e-003	1.945980e+001	-1.945889e+001
3.026765418169332e-003	1.976802e+001	-1.976708e+001
3.124421668169332e-003	1.997576e+001	-1.997498e+001
3.222077918169332e-003	2.015696e+001	-2.015625e+001
3.319734168169332e-003	2.038466e+001	-2.038388e+001
3.417390418169332e-003	2.067981e+001	-2.067902e+001
3.515046668169332e-003	2.100539e+001	-2.100468e+001
3.612702918169332e-003	2.129430e+001	-2.129362e+001
3.710359168169332e-003	2.149216e+001	-2.149125e+001
3.808015418169332e-003	2.158905e+001	-2.158754e+001
3.905671668169332e-003	2.161998e+001	-2.161755e+001
4.003327918169332e-003	2.163474e+001	-2.163168e+001
4.100984168169332e-003	2.166386e+001	-2.166111e+001
4.198640418169332e-003	2.170615e+001	-2.170432e+001
4.296296668169331e-003	2.173926e+001	-2.173765e+001
4.393952918169331e-003	2.174451e+001	-2.174141e+001
4.491609168169331e-003	2.172562e+001	-2.171943e+001
4.589265418169330e-003	2.169782e+001	-2.168778e+001
4.686921668169330e-003	2.166908e+001	-2.165504e+001
4.784577918169330e-003	2.164039e+001	-2.162238e+001
4.979890418169329e-003	2.158323e+001	-2.155732e+001
5.272859168169328e-003	2.149800e+001	-2.146041e+001
5.565827918169327e-003	2.141337e+001	-2.136429e+001
5.858796668169326e-003	2.132935e+001	-2.126896e+001
6.151765418169325e-003	2.124593e+001	-2.117440e+001
6.444734168169324e-003	2.116311e+001	-2.108063e+001
6.737702918169323e-003	2.108087e+001	-2.098762e+001
7.030671668169322e-003	2.099922e+001	-2.089537e+001
7.323640418169321e-003	2.091814e+001	-2.080388e+001
7.616609168169320e-003	2.083765e+001	-2.071314e+001
7.909577918169319e-003	2.075772e+001	-2.062314e+001
8.202546668169318e-003	2.067836e+001	-2.053387e+001
8.495515418169317e-003	2.059956e+001	-2.044533e+001
8.788484168169316e-003	2.052132e+001	-2.035752e+001
9.081452918169315e-003	2.044362e+001	-2.027042e+001
9.374421668169314e-003	2.036647e+001	-2.018403e+001
9.667390418169313e-003	2.028986e+001	-2.009835e+001
9.960359168169312e-003	2.021378e+001	-2.001336e+001
1.025332791816931e-002	2.013822e+001	-1.992906e+001
1.054629666816931e-002	2.006318e+001	-1.984545e+001
1.083926541816931e-002	1.998866e+001	-1.976252e+001
1.113223416816931e-002	1.991463e+001	-1.968026e+001
1.122989041816931e-002	1.989006e+001	-1.965427e+001
1.132754666816931e-002	1.986597e+001	-1.964455e+001
1.142520291816931e-002	1.985913e+001	-1.970165e+001
1.152285916816931e-002	1.993267e+001	-1.989157e+001
1.162051541816931e-002	2.017133e+001	-2.022399e+001
1.171817166816931e-002	2.058255e+001	-2.063149e+001
1.181582791816931e-002	2.104388e+001	-2.102556e+001
1.191348416816931e-002	2.138749e+001	-2.133559e+001
1.201114041816931e-002	2.154116e+001	-2.151602e+001
1.210879666816930e-002	2.156710e+001	-2.157169e+001
1.220645291816930e-002	2.156523e+001	-2.156915e+001
1.230410916816930e-002	2.158655e+001	-2.158327e+001
1.240176541816930e-002	2.163983e+001	-2.163885e+001
1.249942166816930e-002	2.171158e+001	-2.171315e+001
1.259707791816930e-002	2.176890e+001	-2.176842e+001
1.269473416816930e-002	2.178607e+001	-2.178189e+001
1.279239041816930e-002	2.176991e+001	-2.176199e+001
1.289004666816930e-002	2.174213e+001	-2.173033e+001
1.298770291816930e-002	2.171329e+001	-2.169748e+001
1.308535916816930e-002	2.168450e+001	-2.166471e+001
1.328067166816930e-002	2.162712e+001	-2.159942e+001
1.357364041816930e-002	2.154158e+001	-2.150216e+001
1.386660916816930e-002	2.145664e+001	-2.140569e+001
1.415957791816930e-002	2.137231e+001	-2.131002e+001
1.445254666816930e-002	2.128859e+001	-2.121514e+001
1.464785916816930e-002	2.123310e+001	-2.115231e+001
1.484317166816930e-002	2.117788e+001	-2.108983e+001
1.494082791816929e-002	2.115037e+001	-2.105871e+001
1.503848416816929e-002	2.112292e+001	-2.102769e+001
1.513614041816929e-002	2.109554e+001	-2.099674e+001
1.523379666816929e-002	2.106822e+001	-2.096589e+001
1.533145291816929e-002	2.104097e+001	-2.093511e+001
1.542910916816929e-002	2.101378e+001	-2.090442e+001
1.552676541816929e-002	2.098666e+001	-2.087382e+001
1.562442166816929e-002	2.095960e+001	-2.084329e+001
1.572207791816929e-002	2.093261e+001	-2.081285e+001
1.581973416816929e-002	2.090568e+001	-2.078250e+001
1.591739041816929e-002	2.087881e+001	-2.075223e+001
1.601504666816930e-002	2.085201e+001	-2.072204e+001
1.611270291816930e-002	2.082527e+001	-2.069193e+001
1.621035916816930e-002	2.079859e+001	-2.066191e+001
1.630801541816930e-002	2.077198e+001	-2.063196e+001
1.640567166816930e-002	2.074543e+001	-2.060210e+001
1.650332791816930e-002	2.071894e+001	-2.057232e+001
1.660098416816930e-002	2.069252e+001	-2.054263e+001
1.669864041816931e-002	2.066616e+001	-2.051301e+001
1.679629666816931e-002	2.063986e+001	-2.048347e+001
1.689395291816931e-002	2.061362e+001	-2.045402e+001
1.699160916816931e-002	2.058744e+001	-2.042464e+001
1.708926541816931e-002	2.056133e+001	-2.039535e+001
1.718692166816931e-002	2.053527e+001	-2.036613e+001
1.728457791816931e-002	2.050928e+001	-2.033699e+001
1.738223416816932e-002	2.048335e+001	-2.030794e+001
1.747989041816932e-002	2.045748e+001	-2.027896e+001
1.757754666816932e-002	2.043167e+001	-2.025006e+001
1.767520291816932e-002	2.040592e+001	-2.022124e+001
1.777285916816932e-002	2.038023e+001	-2.019250e+001
1.787051541816932e-002	2.035460e+001	-2.016384e+001
1.796817166816932e-002	2.032903e+001	-2.013526e+001
1.806582791816933e-002	2.030352e+001	-2.010675e+001
1.816348416816933e-002	2.027807e+001	-2.007832e+001
1.826114041816933e-002	2.025268e+001	-2.004997e+001
1.835879666816933e-002	2.022735e+001	-2.002170e+001
1.855410916816933e-002	2.017686e+001	-1.996538e+001
1.874942166816934e-002	2.012660e+001	-1.990936e+001
1.894473416816934e-002	2.007657e+001	-1.985365e+001
1.923770291816934e-002	2.000195e+001	-1.977066e+001
1.943301541816934e-002	1.995249e+001	-1.971570e+001
1.953067166816935e-002	1.992784e+001	-1.968834e+001
1.962832791816935e-002	1.990325e+001	-1.966620e+001
1.972598416816935e-002	1.988734e+001	-1.968365e+001
1.982364041816935e-002	1.992057e+001	-1.981273e+001
1.992129666816935e-002	2.007955e+001	-2.009653e+001
2.001895291816935e-002	2.041579e+001	-2.048707e+001
2.011660916816935e-002	2.086829e+001	-2.088876e+001
2.021426541816936e-002	2.127447e+001	-2.122673e+001
2.031192166816936e-002	2.150570e+001	-2.145411e+001
2.040957791816936e-002	2.157088e+001	-2.155442e+001
2.050723416816936e-002	2.156578e+001	-2.157002e+001
2.060489041816936e-002	2.156900e+001	-2.157710e+001
2.070254666816936e-002	2.161110e+001	-2.161667e+001
2.080020291816936e-002	2.168376e+001	-2.168184e+001
2.089785916816937e-002	2.175111e+001	-2.174441e+001
2.099551541816937e-002	2.178104e+001	-2.177504e+001
2.109317166816937e-002	2.177295e+001	-2.176715e+001
2.119082791816937e-002	2.174723e+001	-2.173856e+001
2.128848416816937e-002	2.171837e+001	-2.170568e+001
2.138614041816937e-002	2.168958e+001	-2.167288e+001
2.148379666816937e-002	2.166084e+001	-2.164017e+001
2.177676541816938e-002	2.157505e+001	-2.154258e+001
2.206973416816938e-002	2.148988e+001	-2.144578e+001
2.236270291816939e-002	2.140531e+001	-2.134978e+001
2.265567166816939e-002	2.132135e+001	-2.125457e+001
2.294864041816939e-002	2.123799e+001	-2.116014e+001
2.324160916816940e-002	2.115522e+001	-2.106647e+001
2.353457791816940e-002	2.107304e+001	-2.097358e+001
2.382754666816941e-002	2.099144e+001	-2.088145e+001
2.412051541816941e-002	2.091042e+001	-2.079007e+001
2.441348416816942e-002	2.082998e+001	-2.069944e+001
2.470645291816942e-002	2.075011e+001	-2.060955e+001
2.499942166816942e-002	2.067080e+001	-2.052040e+001
2.529239041816943e-002	2.059206e+001	-2.043197e+001
2.558535916816943e-002	2.051386e+001	-2.034426e+001
2.587832791816944e-002	2.043622e+001	-2.025727e+001
2.617129666816944e-002	2.035912e+001	-2.017099e+001
2.646426541816944e-002	2.028256e+001	-2.008541e+001
2.675723416816945e-002	2.020653e+001	-2.000053e+001
2.705020291816945e-002	2.013102e+001	-1.991634e+001
2.734317166816946e-002	2.005604e+001	-1.983283e+001
2.763614041816946e-002	1.998156e+001	-1.975000e+001
2.773379666816946e-002	1.995684e+001	-1.972254e+001
2.783145291816946e-002	1.993218e+001	-1.969516e+001
2.792910916816947e-002	1.990758e+001	-1.967018e+001
2.802676541816947e-002	1.988636e+001	-1.967112e+001
2.812442166816947e-002	1.989427e+001	-1.976081e+001
2.822207791816947e-002	2.000225e+001	-1.999567e+001
2.831973416816947e-002	2.028605e+001	-2.035529e+001
2.841739041816947e-002	2.072300e+001	-2.075828e+001
2.851504666816947e-002	2.116482e+001	-2.112637e+001
2.861270291816948e-002	2.145539e+001	-2.140119e+001
2.871035916816948e-002	2.156156e+001	-2.154717e+001
2.880801541816948e-002	2.156818e+001	-2.158411e+001
2.890567166816948e-002	2.157004e+001	-2.158309e+001
2.900332791816948e-002	2.160519e+001	-2.160452e+001
2.910098416816948e-002	2.166805e+001	-2.166162e+001
2.919864041816948e-002	2.173409e+001	-2.173049e+001
2.929629666816948e-002	2.177430e+001	-2.177449e+001
2.939395291816949e-002	2.177654e+001	-2.177647e+001
2.949160916816949e-002	2.175421e+001	-2.175082e+001
2.958926541816949e-002	2.172548e+001	-2.171805e+001
2.968692166816949e-002	2.169666e+001	-2.168521e+001
2.978457791816949e-002	2.166791e+001	-2.165247e+001
3.007754666816950e-002	2.158208e+001	-2.155478e+001
3.037051541816950e-002	2.149685e+001	-2.145788e+001
3.066348416816950e-002	2.141224e+001	-2.136178e+001
3.095645291816951e-002	2.132822e+001	-2.126647e+001
3.115176541816951e-002	2.127255e+001	-2.120336e+001
3.134707791816951e-002	2.121714e+001	-2.114060e+001
3.154239041816952e-002	2.116199e+001	-2.107818e+001
3.164004666816952e-002	2.113452e+001	-2.104710e+001
3.173770291816952e-002	2.110711e+001	-2.101611e+001
3.183535916816952e-002	2.107976e+001	-2.098520e+001
3.193301541816952e-002	2.105248e+001	-2.095437e+001
3.203067166816952e-002	2.102527e+001	-2.092363e+001
3.212832791816953e-002	2.099812e+001	-2.089297e+001
3.222598416816953e-002	2.097103e+001	-2.086239e+001
3.232364041816953e-002	2.094401e+001	-2.083190e+001
3.242129666816953e-002	2.091706e+001	-2.080150e+001
3.251895291816953e-002	2.089016e+001	-2.077117e+001
3.261660916816953e-002	2.086333e+001	-2.074093e+001
3.271426541816953e-002	2.083657e+001	-2.071077e+001
3.281192166816953e-002	2.080986e+001	-2.068069e+001
3.290957791816954e-002	2.078323e+001	-2.065070e+001
3.300723416816954e-002	2.075665e+001	-2.062079e+001
3.310489041816954e-002	2.073013e+001	-2.059096e+001
3.320254666816954e-002	2.070368e+001	-2.056121e+001
3.330020291816954e-002	2.067730e+001	-2.053154e+001
3.339785916816954e-002	2.065097e+001	-2.050196e+001
3.349551541816954e-002	2.062470e+001	-2.047245e+001
3.359317166816955e-002	2.059850e+001	-2.044302e+001
3.369082791816955e-002	2.057236e+001	-2.041368e+001
3.378848416816955e-002	2.054628e+001	-2.038441e+001
3.388614041816955e-002	2.052027e+001	-2.035523e+001
3.398379666816955e-002	2.049431e+001	-2.032612e+001
3.408145291816955e-002	2.046841e+001	-2.029710e+001
3.417910916816955e-002	2.044258e+001	-2.026815e+001
3.427676541816956e-002	2.041680e+001	-2.023928e+001
3.437442166816956e-002	2.039109e+001	-2.021049e+001
3.447207791816956e-002	2.036543e+001	-2.018178e+001
3.456973416816956e-002	2.033984e+001	-2.015314e+001
3.466739041816956e-002	2.031430e+001	-2.012459e+001
3.476504666816956e-002	2.028883e+001	-2.009611e+001
3.486270291816956e-002	2.026341e+001	-2.006771e+001
3.496035916816957e-002	2.023805e+001	-2.003939e+001
3.505801541816957e-002	2.021275e+001	-2.001114e+001
3.525332791816957e-002	2.016233e+001	-1.995488e+001
3.544864041816957e-002	2.011214e+001	-1.989893e+001
3.564395291816958e-002	2.006218e+001	-1.984327e+001
3.593692166816958e-002	1.998766e+001	-1.976036e+001
3.613223416816958e-002	1.993825e+001	-1.970546e+001
3.622989041816958e-002	1.991364e+001	-1.967871e+001
3.632754666816958e-002	1.988928e+001	-1.966504e+001
3.642520291816959e-002	1.987991e+001	-1.971274e+001
3.652285916816959e-002	1.994405e+001	-1.989048e+001
3.662051541816959e-002	2.016603e+001	-2.021374e+001
3.671817166816959e-002	2.056265e+001	-2.061715e+001
3.681582791816959e-002	2.102219e+001	-2.101066e+001
3.691348416816959e-002	2.137610e+001	-2.132377e+001
3.701114041816959e-002	2.154159e+001	-2.151076e+001
3.710879666816960e-002	2.157267e+001	-2.157185e+001
3.720645291816960e-002	2.156864e+001	-2.157015e+001
3.730410916816960e-002	2.158429e+001	-2.158230e+001
3.740176541816960e-002	2.163302e+001	-2.163469e+001
3.749942166816960e-002	2.170350e+001	-2.170552e+001
3.759707791816960e-002	2.176160e+001	-2.175934e+001
3.769473416816960e-002	2.177979e+001	-2.177366e+001
3.779239041816961e-002	2.176417e+001	-2.175485e+001
3.789004666816961e-002	2.173653e+001	-2.172352e+001
3.798770291816961e-002	2.170769e+001	-2.169068e+001
3.808535916816961e-002	2.167892e+001	-2.165793e+001
3.828067166816961e-002	2.162157e+001	-2.159268e+001
3.857364041816962e-002	2.153607e+001	-2.149547e+001
3.886660916816962e-002	2.145117e+001	-2.139906e+001
3.915957791816963e-002	2.136688e+001	-2.130345e+001
3.945254666816963e-002	2.128319e+001	-2.120861e+001
3.974551541816963e-002	2.120010e+001	-2.111456e+001
4.003848416816964e-002	2.111760e+001	-2.102127e+001
4.033145291816964e-002	2.103569e+001	-2.092875e+001
4.062442166816965e-002	2.095436e+001	-2.083698e+001
4.091739041816965e-002	2.087360e+001	-2.074597e+001
4.121035916816965e-002	2.079342e+001	-2.065570e+001
4.150332791816966e-002	2.071381e+001	-2.056617e+001
4.179629666816966e-002	2.063476e+001	-2.047736e+001
4.208926541816967e-002	2.055627e+001	-2.038929e+001
4.238223416816967e-002	2.047833e+001	-2.030193e+001
4.267520291816968e-002	2.040093e+001	-2.021529e+001
4.296817166816968e-002	2.032408e+001	-2.012935e+001
4.326114041816968e-002	2.024776e+001	-2.004411e+001
4.355410916816969e-002	2.017197e+001	-1.995956e+001
4.384707791816969e-002	2.009670e+001	-1.987570e+001
4.414004666816970e-002	2.002195e+001	-1.979253e+001
4.443301541816970e-002	1.994770e+001	-1.971002e+001
4.453067166816970e-002	1.992306e+001	-1.968269e+001
4.462832791816970e-002	1.989848e+001	-1.966112e+001
4.472598416816970e-002	1.988297e+001	-1.968101e+001
4.482364041816971e-002	1.991843e+001	-1.981450e+001
4.492129666816971e-002	2.008256e+001	-2.010248e+001
4.501895291816971e-002	2.042468e+001	-2.049524e+001
4.511660916816971e-002	2.087953e+001	-2.089740e+001
4.521426541816971e-002	2.128310e+001	-2.123451e+001
4.531192166816971e-002	2.150980e+001	-2.145961e+001
4.540957791816971e-002	2.157231e+001	-2.155710e+001
4.550723416816972e-002	2.156710e+001	-2.157129e+001
4.560489041816972e-002	2.157136e+001	-2.157925e+001
4.570254666816972e-002	2.161495e+001	-2.162086e+001
4.580020291816972e-002	2.168930e+001	-2.168772e+001
4.589785916816972e-002	2.175772e+001	-2.175091e+001
4.599551541816972e-002	2.178771e+001	-2.178131e+001
4.609317166816972e-002	2.177931e+001	-2.177307e+001
4.619082791816973e-002	2.175346e+001	-2.174435e+001
4.628848416816973e-002	2.172459e+001	-2.171146e+001
4.638614041816973e-002	2.169577e+001	-2.167864e+001
4.648379666816973e-002	2.166702e+001	-2.164592e+001
4.677676541816973e-002	2.158119e+001	-2.154827e+001
4.706973416816974e-002	2.149597e+001	-2.145144e+001
4.736270291816974e-002	2.141136e+001	-2.135539e+001
4.765567166816975e-002	2.132736e+001	-2.126013e+001
4.785098416816975e-002	2.127169e+001	-2.119706e+001
4.804629666816975e-002	2.121628e+001	-2.113433e+001
4.824160916816975e-002	2.116114e+001	-2.107195e+001
4.833926541816976e-002	2.113367e+001	-2.104088e+001
4.843692166816976e-002	2.110626e+001	-2.100990e+001
4.853457791816976e-002	2.107892e+001	-2.097901e+001
4.863223416816976e-002	2.105164e+001	-2.094820e+001
4.872989041816976e-002	2.102443e+001	-2.091747e+001
4.882754666816976e-002	2.099728e+001	-2.088683e+001
4.892520291816976e-002	2.097020e+001	-2.085627e+001
4.902285916816977e-002	2.094318e+001	-2.082580e+001
4.912051541816977e-002	2.091622e+001	-2.079541e+001
4.921817166816977e-002	2.088933e+001	-2.076510e+001
4.931582791816977e-002	2.086250e+001	-2.073488e+001
4.941348416816977e-002	2.083574e+001	-2.070473e+001
4.951114041816977e-002	2.080904e+001	-2.067467e+001
4.960879666816977e-002	2.078240e+001	-2.064470e+001
4.970645291816978e-002	2.075583e+001	-2.061480e+001
4.980410916816978e-002	2.072931e+001	-2.058499e+001
4.990176541816978e-002	2.070287e+001	-2.055526e+001
4.999942166816978e-002	2.067648e+001	-2.052560e+001
5.009707791816978e-002	2.065015e+001	-2.049603e+001
5.019473416816978e-002	2.062389e+001	-2.046654e+001
5.029239041816978e-002	2.059769e+001	-2.043713e+001
5.039004666816978e-002	2.057155e+001	-2.040780e+001
5.048770291816979e-002	2.054548e+001	-2.037856e+001
5.058535916816979e-002	2.051946e+001	-2.034939e+001
5.068301541816979e-002	2.049351e+001	-2.032030e+001
5.078067166816979e-002	2.046761e+001	-2.029129e+001
5.087832791816979e-002	2.044178e+001	-2.026235e+001
5.097598416816979e-002	2.041600e+001	-2.023350e+001
5.107364041816979e-002	2.039029e+001	-2.020473e+001
5.117129666816980e-002	2.036464e+001	-2.017603e+001
5.126895291816980e-002	2.033905e+001	-2.014741e+001
5.136660916816980e-002	2.031351e+001	-2.011887e+001
5.146426541816980e-002	2.028804e+001	-2.009041e+001
5.156192166816980e-002	2.026262e+001	-2.006203e+001
5.165957791816980e-002	2.023727e+001	-2.003372e+001
5.175723416816980e-002	2.021197e+001	-2.000549e+001
5.195254666816981e-002	2.016155e+001	-1.994926e+001
5.214785916816981e-002	2.011136e+001	-1.989333e+001
5.234317166816981e-002	2.006140e+001	-1.983771e+001
5.263614041816982e-002	1.998689e+001	-1.975484e+001
5.273379666816982e-002	1.996216e+001	-1.972737e+001
5.283145291816982e-002	1.993749e+001	-1.969997e+001
5.292910916816982e-002	1.991287e+001	-1.967457e+001
5.302676541816982e-002	1.989133e+001	-1.967366e+001
5.312442166816982e-002	1.989738e+001	-1.975989e+001
5.322207791816982e-002	2.000073e+001	-1.999111e+001
5.331973416816983e-002	2.027869e+001	-2.034821e+001
5.341739041816983e-002	2.071244e+001	-2.074995e+001
5.351504666816983e-002	2.115564e+001	-2.111812e+001
5.361270291816983e-002	2.145011e+001	-2.139480e+001
5.371035916816983e-002	2.155929e+001	-2.154369e+001
5.380801541816983e-002	2.156688e+001	-2.158235e+001
5.390567166816983e-002	2.156821e+001	-2.158072e+001
5.400332791816984e-002	2.160170e+001	-2.160053e+001
5.410098416816984e-002	2.166253e+001	-2.165632e+001
5.419864041816984e-002	2.172747e+001	-2.172446e+001
5.429629666816984e-002	2.176783e+001	-2.176830e+001
5.439395291816984e-002	2.177059e+001	-2.177044e+001
5.449160916816984e-002	2.174851e+001	-2.174492e+001
5.458926541816984e-002	2.171982e+001	-2.171218e+001
5.468692166816985e-002	2.169101e+001	-2.167937e+001
5.478457791816985e-002	2.166228e+001	-2.164664e+001
5.507754666816985e-002	2.157648e+001	-2.154899e+001
5.537051541816986e-002	2.149129e+001	-2.145215e+001
5.566348416816986e-002	2.140672e+001	-2.135609e+001
5.595645291816986e-002	2.132275e+001	-2.126083e+001
5.624942166816987e-002	2.123937e+001	-2.116634e+001
5.654239041816987e-002	2.115659e+001	-2.107263e+001
5.683535916816988e-002	2.107440e+001	-2.097969e+001
5.712832791816988e-002	2.099280e+001	-2.088751e+001
5.742129666816988e-002	2.091177e+001	-2.079608e+001
5.771426541816989e-002	2.083132e+001	-2.070540e+001
5.800723416816989e-002	2.075144e+001	-2.061546e+001
5.830020291816990e-002	2.067212e+001	-2.052626e+001
5.859317166816990e-002	2.059337e+001	-2.043778e+001
5.888614041816991e-002	2.051517e+001	-2.035003e+001
5.917910916816991e-002	2.043751e+001	-2.026299e+001
5.947207791816991e-002	2.036040e+001	-2.017667e+001
5.976504666816992e-002	2.028383e+001	-2.009104e+001
6.005801541816992e-002	2.020779e+001	-2.000611e+001
6.035098416816993e-002	2.013228e+001	-1.992188e+001
6.064395291816993e-002	2.005728e+001	-1.983833e+001
6.093692166816993e-002	1.998280e+001	-1.975545e+001
6.113223416816994e-002	1.993342e+001	-1.970057e+001
6.122989041816994e-002	1.990881e+001	-1.967406e+001
6.132754666816994e-002	1.988452e+001	-1.966155e+001
6.142520291816994e-002	1.987592e+001	-1.971204e+001
6.152285916816994e-002	1.994308e+001	-1.989352e+001
6.162051541816994e-002	2.017056e+001	-2.021988e+001
6.171817166816995e-002	2.057219e+001	-2.062498e+001
6.181582791816995e-002	2.103266e+001	-2.101899e+001
6.191348416816995e-002	2.138343e+001	-2.133120e+001
6.201114041816995e-002	2.154506e+001	-2.151596e+001
6.210879666816995e-002	2.157437e+001	-2.157510e+001
6.220645291816995e-002	2.157101e+001	-2.157298e+001
6.230410916816995e-002	2.158840e+001	-2.158575e+001
6.240176541816996e-002	2.163840e+001	-2.163926e+001
6.249942166816996e-002	2.170918e+001	-2.171127e+001
6.259707791816996e-002	2.176708e+001	-2.176550e+001
6.269473416816995e-002	2.178503e+001	-2.177948e+001
6.279239041816995e-002	2.176928e+001	-2.176028e+001
6.289004666816994e-002	2.174159e+001	-2.172883e+001
6.298770291816994e-002	2.171274e+001	-2.169598e+001
6.308535916816993e-002	2.168396e+001	-2.166321e+001
6.328067166816992e-002	2.162659e+001	-2.159793e+001
6.357364041816990e-002	2.154104e+001	-2.150068e+001
6.386660916816989e-002	2.145611e+001	-2.140423e+001
6.415957791816987e-002	2.137179e+001	-2.130857e+001
6.445254666816985e-002	2.128806e+001	-2.121370e+001
6.464785916816984e-002	2.123258e+001	-2.115088e+001
6.484317166816983e-002	2.117736e+001	-2.108840e+001
6.494082791816982e-002	2.114985e+001	-2.105729e+001
6.503848416816982e-002	2.112240e+001	-2.102627e+001
6.513614041816981e-002	2.109502e+001	-2.099533e+001
6.523379666816981e-002	2.106771e+001	-2.096448e+001
6.533145291816980e-002	2.104046e+001	-2.093371e+001
6.542910916816980e-002	2.101327e+001	-2.090302e+001
6.552676541816979e-002	2.098615e+001	-2.087242e+001
6.562442166816979e-002	2.095909e+001	-2.084190e+001
6.572207791816978e-002	2.093210e+001	-2.081147e+001
6.581973416816978e-002	2.090517e+001	-2.078112e+001
6.591739041816977e-002	2.087831e+001	-2.075085e+001
6.601504666816976e-002	2.085151e+001	-2.072066e+001
6.611270291816976e-002	2.082477e+001	-2.069056e+001
6.621035916816975e-002	2.079809e+001	-2.066054e+001
6.630801541816975e-002	2.077148e+001	-2.063060e+001
6.640567166816974e-002	2.074493e+001	-2.060074e+001
6.650332791816974e-002	2.071845e+001	-2.057096e+001
6.660098416816973e-002	2.069202e+001	-2.054127e+001
6.669864041816973e-002	2.066566e+001	-2.051166e+001
6.679629666816972e-002	2.063936e+001	-2.048212e+001
6.689395291816971e-002	2.061313e+001	-2.045267e+001
6.699160916816971e-002	2.058695e+001	-2.042330e+001
6.708926541816970e-002	2.056084e+001	-2.039401e+001
6.718692166816970e-002	2.053479e+001	-2.036480e+001
6.728457791816969e-002	2.050879e+001	-2.033567e+001
6.738223416816969e-002	2.048286e+001	-2.030661e+001
6.747989041816968e-002	2.045700e+001	-2.027764e+001
6.757754666816968e-002	2.043119e+001	-2.024875e+001
6.767520291816967e-002	2.040544e+001	-2.021993e+001
6.777285916816966e-002	2.037975e+001	-2.019119e+001
6.787051541816966e-002	2.035412e+001	-2.016253e+001
6.796817166816965e-002	2.032855e+001	-2.013395e+001
6.806582791816965e-002	2.030305e+001	-2.010545e+001
6.816348416816964e-002	2.027760e+001	-2.007703e+001
6.826114041816964e-002	2.025220e+001	-2.004868e+001
6.835879666816963e-002	2.022687e+001	-2.002041e+001
6.855410916816962e-002	2.017638e+001	-1.996409e+001
6.874942166816961e-002	2.012613e+001	-1.990809e+001
6.894473416816960e-002	2.007610e+001	-1.985239e+001
6.923770291816958e-002	2.000149e+001	-1.976940e+001
6.943301541816957e-002	1.995202e+001	-1.971445e+001
6.953067166816956e-002	1.992738e+001	-1.968710e+001
6.962832791816956e-002	1.990279e+001	-1.966508e+001
6.972598416816955e-002	1.988686e+001	-1.968300e+001
6.982364041816955e-002	1.992010e+001	-1.981277e+001
6.992129666816954e-002	2.007937e+001	-2.009693e+001
7.001895291816954e-002	2.041611e+001	-2.048735e+001
7.011660916816953e-002	2.086884e+001	-2.088882e+001
7.021426541816953e-002	2.127472e+001	-2.122674e+001
7.031192166816952e-002	2.150546e+001	-2.145415e+001
7.040957791816951e-002	2.157038e+001	-2.155440e+001
7.050723416816951e-002	2.156531e+001	-2.156993e+001
7.060489041816950e-002	2.156870e+001	-2.157704e+001
7.070254666816950e-002	2.161103e+001	-2.161667e+001
7.080020291816949e-002	2.168389e+001	-2.168191e+001
7.089785916816949e-002	2.175130e+001	-2.174453e+001
7.099551541816948e-002	2.178119e+001	-2.177517e+001
7.109317166816948e-002	2.177305e+001	-2.176727e+001
7.119082791816947e-002	2.174731e+001	-2.173867e+001
7.128848416816946e-002	2.171845e+001	-2.170579e+001
7.138614041816946e-002	2.168965e+001	-2.167299e+001
7.148379666816945e-002	2.166092e+001	-2.164028e+001
7.177676541816944e-002	2.157513e+001	-2.154269e+001
7.206973416816942e-002	2.148996e+001	-2.144589e+001
7.236270291816940e-002	2.140539e+001	-2.134989e+001
7.265567166816939e-002	2.132143e+001	-2.125467e+001
7.294864041816937e-002	2.123806e+001	-2.116024e+001
7.324160916816935e-002	2.115529e+001	-2.106658e+001
7.353457791816934e-002	2.107311e+001	-2.097369e+001
7.382754666816932e-002	2.099151e+001	-2.088156e+001
7.412051541816930e-002	2.091050e+001	-2.079018e+001
7.441348416816929e-002	2.083006e+001	-2.069954e+001
7.470645291816927e-002	2.075018e+001	-2.060965e+001
7.499942166816925e-002	2.067088e+001	-2.052050e+001
7.529239041816924e-002	2.059213e+001	-2.043207e+001
7.558535916816922e-002	2.051394e+001	-2.034436e+001
7.587832791816920e-002	2.043629e+001	-2.025737e+001
7.617129666816919e-002	2.035919e+001	-2.017109e+001
7.646426541816917e-002	2.028263e+001	-2.008551e+001
7.675723416816915e-002	2.020660e+001	-2.000063e+001
7.705020291816914e-002	2.013109e+001	-1.991644e+001
7.734317166816912e-002	2.005610e+001	-1.983293e+001
7.763614041816910e-002	1.998162e+001	-1.975010e+001
7.773379666816910e-002	1.995691e+001	-1.972264e+001
7.783145291816909e-002	1.993225e+001	-1.969525e+001
7.792910916816909e-002	1.990765e+001	-1.967026e+001
7.802676541816908e-002	1.988642e+001	-1.967116e+001
7.812442166816908e-002	1.989433e+001	-1.976081e+001
7.822207791816907e-002	2.000228e+001	-1.999566e+001
7.831973416816906e-002	2.028603e+001	-2.035529e+001
7.841739041816906e-002	2.072295e+001	-2.075828e+001
7.851504666816905e-002	2.116479e+001	-2.112634e+001
7.861270291816905e-002	2.145539e+001	-2.140115e+001
7.871035916816904e-002	2.156158e+001	-2.154715e+001
7.880801541816904e-002	2.156820e+001	-2.158411e+001
7.890567166816903e-002	2.157005e+001	-2.158309e+001
7.900332791816903e-002	2.160519e+001	-2.160451e+001
7.910098416816902e-002	2.166804e+001	-2.166161e+001
7.919864041816901e-002	2.173407e+001	-2.173048e+001
7.929629666816901e-002	2.177428e+001	-2.177448e+001
7.939395291816900e-002	2.177653e+001	-2.177646e+001
7.949160916816900e-002	2.175421e+001	-2.175081e+001
7.958926541816899e-002	2.172548e+001	-2.171804e+001
7.968692166816899e-002	2.169666e+001	-2.168521e+001
7.978457791816898e-002	2.166791e+001	-2.165246e+001
8.007754666816896e-002	2.158207e+001	-2.155477e+001
8.037051541816895e-002	2.149685e+001	-2.145787e+001
8.066348416816893e-002	2.141223e+001	-2.136177e+001
8.095645291816891e-002	2.132822e+001	-2.126646e+001
8.115176541816890e-002	2.127254e+001	-2.120335e+001
8.134707791816889e-002	2.121713e+001	-2.114059e+001
8.154239041816888e-002	2.116199e+001	-2.107817e+001
8.164004666816888e-002	2.113451e+001	-2.104709e+001
8.173770291816887e-002	2.110710e+001	-2.101610e+001
8.183535916816886e-002	2.107976e+001	-2.098519e+001
8.193301541816886e-002	2.105248e+001	-2.095436e+001
8.203067166816885e-002	2.102526e+001	-2.092362e+001
8.212832791816885e-002	2.099811e+001	-2.089296e+001
8.222598416816884e-002	2.097103e+001	-2.086238e+001
8.232364041816884e-002	2.094401e+001	-2.083189e+001
8.242129666816883e-002	2.091705e+001	-2.080149e+001
8.251895291816883e-002	2.089016e+001	-2.077116e+001
8.261660916816882e-002	2.086333e+001	-2.074092e+001
8.271426541816881e-002	2.083656e+001	-2.071076e+001
8.281192166816881e-002	2.080986e+001	-2.068069e+001
8.290957791816880e-002	2.078322e+001	-2.065069e+001
8.300723416816880e-002	2.075664e+001	-2.062078e+001
8.310489041816879e-002	2.073013e+001	-2.059095e+001
8.320254666816879e-002	2.070368e+001	-2.056120e+001
8.330020291816878e-002	2.067729e+001	-2.053153e+001
8.339785916816878e-002	2.065096e+001	-2.050195e+001
8.349551541816877e-002	2.062470e+001	-2.047244e+001
8.359317166816876e-002	2.059850e+001	-2.044302e+001
8.369082791816876e-002	2.057236e+001	-2.041367e+001
8.378848416816875e-002	2.054628e+001	-2.038441e+001
8.388614041816875e-002	2.052026e+001	-2.035522e+001
8.398379666816874e-002	2.049430e+001	-2.032611e+001
8.408145291816874e-002	2.046841e+001	-2.029709e+001
8.417910916816873e-002	2.044257e+001	-2.026814e+001
8.427676541816873e-002	2.041680e+001	-2.023927e+001
8.437442166816872e-002	2.039108e+001	-2.021048e+001
8.447207791816871e-002	2.036543e+001	-2.018177e+001
8.456973416816871e-002	2.033983e+001	-2.015314e+001
8.466739041816870e-002	2.031430e+001	-2.012458e+001
8.476504666816870e-002	2.028882e+001	-2.009610e+001
8.486270291816869e-002	2.026340e+001	-2.006771e+001
8.496035916816869e-002	2.023805e+001	-2.003938e+001
8.505801541816868e-002	2.021275e+001	-2.001114e+001
8.525332791816867e-002	2.016233e+001	-1.995487e+001
8.544864041816866e-002	2.011213e+001	-1.989892e+001
8.564395291816865e-002	2.006217e+001	-1.984327e+001
8.593692166816863e-002	1.998765e+001	-1.976035e+001
8.613223416816862e-002	1.993825e+001	-1.970545e+001
8.622989041816861e-002	1.991363e+001	-1.967871e+001
8.632754666816861e-002	1.988928e+001	-1.966503e+001
8.642520291816860e-002	1.987990e+001	-1.971274e+001
8.652285916816860e-002	1.994405e+001	-1.989048e+001
8.662051541816859e-002	2.016603e+001	-2.021375e+001
8.671817166816859e-002	2.056266e+001	-2.061716e+001
8.681582791816858e-002	2.102220e+001	-2.101067e+001
8.691348416816858e-002	2.137611e+001	-2.132377e+001
8.701114041816857e-002	2.154160e+001	-2.151076e+001
8.710879666816856e-002	2.157267e+001	-2.157185e+001
8.720645291816856e-002	2.156865e+001	-2.157015e+001
8.730410916816855e-002	2.158429e+001	-2.158230e+001
8.740176541816855e-002	2.163302e+001	-2.163469e+001
8.749942166816854e-002	2.170350e+001	-2.170553e+001
8.759707791816854e-002	2.176160e+001	-2.175934e+001
8.769473416816853e-002	2.177979e+001	-2.177366e+001
8.779239041816853e-002	2.176418e+001	-2.175485e+001
8.789004666816852e-002	2.173653e+001	-2.172352e+001
8.798770291816851e-002	2.170770e+001	-2.169069e+001
8.808535916816851e-002	2.167892e+001	-2.165793e+001
8.828067166816850e-002	2.162158e+001	-2.159268e+001
8.857364041816848e-002	2.153607e+001	-2.149548e+001
8.886660916816846e-002	2.145118e+001	-2.139907e+001
8.915957791816845e-002	2.136689e+001	-2.130345e+001
8.945254666816843e-002	2.128320e+001	-2.120862e+001
8.974551541816841e-002	2.120011e+001	-2.111456e+001
9.003848416816840e-002	2.111761e+001	-2.102127e+001
9.033145291816838e-002	2.103569e+001	-2.092875e+001
9.062442166816837e-002	2.095436e+001	-2.083699e+001
9.091739041816835e-002	2.087361e+001	-2.074597e+001
9.121035916816833e-002	2.079343e+001	-2.065570e+001
9.150332791816832e-002	2.071382e+001	-2.056617e+001
9.179629666816830e-002	2.063476e+001	-2.047737e+001
9.208926541816828e-002	2.055627e+001	-2.038929e+001
9.238223416816827e-002	2.047833e+001	-2.030194e+001
9.267520291816825e-002	2.040094e+001	-2.021529e+001
9.296817166816823e-002	2.032408e+001	-2.012935e+001
9.326114041816822e-002	2.024776e+001	-2.004411e+001
9.335879666816821e-002	2.022244e+001	-2.001585e+001
9.365176541816819e-002	2.014683e+001	-1.993154e+001
9.394473416816818e-002	2.007173e+001	-1.984791e+001
9.423770291816816e-002	1.999715e+001	-1.976495e+001
9.443301541816815e-002	1.994770e+001	-1.971003e+001
9.453067166816814e-002	1.992307e+001	-1.968269e+001
9.462832791816814e-002	1.989849e+001	-1.966112e+001
9.472598416816813e-002	1.988298e+001	-1.968101e+001
9.482364041816813e-002	1.991843e+001	-1.981449e+001
9.492129666816812e-002	2.008255e+001	-2.010248e+001
9.501895291816812e-002	2.042467e+001	-2.049524e+001
9.511660916816811e-002	2.087952e+001	-2.089739e+001
9.521426541816810e-002	2.128309e+001	-2.123450e+001
9.531192166816810e-002	2.150979e+001	-2.145960e+001
9.540957791816809e-002	2.157231e+001	-2.155709e+001
9.550723416816809e-002	2.156710e+001	-2.157129e+001
9.560489041816808e-002	2.157136e+001	-2.157925e+001
9.570254666816808e-002	2.161495e+001	-2.162086e+001
9.580020291816807e-002	2.168929e+001	-2.168772e+001
9.589785916816807e-002	2.175771e+001	-2.175090e+001
9.599551541816806e-002	2.178770e+001	-2.178131e+001
9.609317166816805e-002	2.177931e+001	-2.177306e+001
9.619082791816805e-002	2.175346e+001	-2.174435e+001
9.628848416816804e-002	2.172458e+001	-2.171145e+001
9.638614041816804e-002	2.169576e+001	-2.167864e+001
9.648379666816803e-002	2.166702e+001	-2.164591e+001
9.677676541816802e-002	2.158119e+001	-2.154827e+001
9.706973416816800e-002	2.149597e+001	-2.145143e+001
9.736270291816798e-002	2.141136e+001	-2.135538e+001
9.765567166816797e-002	2.132735e+001	-2.126012e+001
9.785098416816795e-002	2.127168e+001	-2.119705e+001
9.804629666816794e-002	2.121628e+001	-2.113433e+001
9.824160916816793e-002	2.116113e+001	-2.107194e+001
9.833926541816793e-002	2.113366e+001	-2.104088e+001
9.843692166816792e-002	2.110625e+001	-2.100990e+001
9.853457791816792e-002	2.107891e+001	-2.097900e+001
9.863223416816791e-002	2.105163e+001	-2.094819e+001
9.872989041816790e-002	2.102442e+001	-2.091747e+001
9.882754666816790e-002	2.099727e+001	-2.088683e+001
9.892520291816789e-002	2.097019e+001	-2.085627e+001
9.902285916816789e-002	2.094317e+001	-2.082580e+001
9.912051541816788e-002	2.091622e+001	-2.079540e+001
9.921817166816788e-002	2.088932e+001	-2.076510e+001
9.931582791816787e-002	2.086250e+001	-2.073487e+001
9.941348416816787e-002	2.083573e+001	-2.070473e+001
9.951114041816786e-002	2.080903e+001	-2.067467e+001
9.960879666816785e-002	2.078239e+001	-2.064469e+001
9.970645291816785e-002	2.075582e+001	-2.061480e+001
9.980410916816784e-002	2.072931e+001	-2.058498e+001
9.990176541816784e-002	2.070286e+001	-2.055525e+001
9.999942166816783e-002	2.067646e+001	-2.052558e+001
1.000000000000000e-001	2.067630e+001	-2.052540e+001
