# time	V(n009)
1.755562372196256e-006	1.079878e-014
3.511124744392512e-006	9.135758e-015
5.266687116588768e-006	-4.989066e-015
7.022249488785024e-006	-3.157569e-014
8.777811860981279e-006	-7.062412e-014
1.053337423317754e-005	-1.221343e-013
1.228893660537379e-005	-1.861064e-013
2.457690836697311e-005	-2.015119e-012
2.995590737517882e-005	-5.919924e-012
3.358943668141190e-005	-1.404904e-011
3.583709369483251e-005	-2.543921e-011
3.897643678361673e-005	-6.570516e-011
4.219050973444097e-005	-1.862424e-010
4.381691136421633e-005	-3.162572e-010
4.547115245106827e-005	-5.424774e-010
4.710639577335619e-005	-9.256964e-010
4.875635255637264e-005	-1.587845e-009
5.039426857813097e-005	-2.714030e-009
5.204107274374551e-005	-4.652816e-009
5.368079589723244e-005	-7.959007e-009
5.532622251248329e-005	-1.363857e-008
5.696787109607203e-005	-2.333935e-008
5.861378602654395e-005	-3.998179e-008
6.025875172595361e-005	-6.843288e-008
6.190856368041058e-005	-1.171992e-007
6.356157632838801e-005	-2.006024e-007
6.522388017508693e-005	-3.434665e-007
6.689856494465290e-005	-5.878748e-007
6.859585713582774e-005	-1.006596e-006
7.032726725206761e-005	-1.724232e-006
7.211277692083499e-005	-2.958067e-006
7.397744322484097e-005	-5.087454e-006
7.595614876791063e-005	-8.786679e-006
7.809128499931371e-005	-1.526141e-005
8.043631535934289e-005	-2.669823e-005
8.305515356052757e-005	-4.708703e-005
8.602637061693937e-005	-8.378368e-005
8.944499173416824e-005	-1.504250e-004
9.342850663273857e-005	-2.724814e-004
9.811919795105374e-005	-4.976753e-004
1.037024633490055e-004	-9.166109e-004
1.104038335552001e-004	-1.700964e-003
1.185132134243095e-004	-3.179167e-003
1.284006270321831e-004	-5.982201e-003
1.405529701672391e-004	-1.133324e-002
1.556205756773002e-004	-2.162434e-002
1.745130868253659e-004	-4.160665e-002
1.985763754552057e-004	-8.093939e-002
2.300191379779353e-004	-1.601469e-001
2.731506731572384e-004	-3.271073e-001
3.403827918447586e-004	-6.997565e-001
4.169927590446642e-004	-1.239623e+000
4.937986592843947e-004	-1.832127e+000
5.822762759619608e-004	-2.455094e+000
6.733189666950779e-004	-2.930618e+000
7.709752166950779e-004	-3.241579e+000
8.686314666950779e-004	-3.441220e+000
9.662877166950779e-004	-3.672201e+000
1.063943966695078e-003	-4.046210e+000
1.161600216695078e-003	-4.577895e+000
1.259256466695078e-003	-5.184565e+000
1.356912716695078e-003	-5.742158e+000
1.454568966695078e-003	-6.161269e+000
1.552225216695078e-003	-6.437090e+000
1.649881466695078e-003	-6.644807e+000
1.747537716695079e-003	-6.887540e+000
1.845193966695079e-003	-7.232791e+000
1.942850216695079e-003	-7.676036e+000
2.040506466695079e-003	-8.149474e+000
2.138162716695079e-003	-8.566816e+000
2.235818966695079e-003	-8.875475e+000
2.333475216695079e-003	-9.084665e+000
2.431131466695079e-003	-9.254108e+000
2.528787716695079e-003	-9.453449e+000
2.626443966695079e-003	-9.681852e+000
2.707582411019927e-003	-9.819077e+000
2.793865617053086e-003	-9.877031e+000
2.879799623555303e-003	-9.895579e+000
2.968146037208282e-003	-9.905633e+000
3.065802287208282e-003	-9.911839e+000
3.163458537208282e-003	-9.915779e+000
3.261114787208282e-003	-9.919546e+000
3.358771037208282e-003	-9.924313e+000
3.456427287208283e-003	-9.929882e+000
3.554083537208283e-003	-9.935285e+000
3.651739787208283e-003	-9.939478e+000
3.749396037208283e-003	-9.941955e+000
3.847052287208283e-003	-9.942955e+000
3.944708537208283e-003	-9.943217e+000
4.042364787208283e-003	-9.943462e+000
4.140021037208282e-003	-9.943989e+000
4.237677287208282e-003	-9.944622e+000
4.335333537208282e-003	-9.944978e+000
4.432989787208281e-003	-9.944861e+000
4.530646037208281e-003	-9.944427e+000
4.628302287208281e-003	-9.943905e+000
4.725958537208280e-003	-9.943379e+000
4.823614787208280e-003	-9.942854e+000
5.116583537208279e-003	-9.941270e+000
5.409552287208278e-003	-9.939678e+000
5.702521037208277e-003	-9.938077e+000
5.995489787208276e-003	-9.936466e+000
6.288458537208275e-003	-9.934844e+000
6.581427287208274e-003	-9.933209e+000
6.874396037208273e-003	-9.931561e+000
7.167364787208272e-003	-9.929899e+000
7.460333537208271e-003	-9.928222e+000
7.753302287208269e-003	-9.926525e+000
8.046271037208268e-003	-9.924810e+000
8.339239787208267e-003	-9.923076e+000
8.632208537208266e-003	-9.921317e+000
8.925177287208265e-003	-9.919535e+000
9.218146037208264e-003	-9.917725e+000
9.511114787208263e-003	-9.915885e+000
9.804083537208262e-003	-9.914012e+000
1.009705228720826e-002	-9.912104e+000
1.039002103720826e-002	-9.910156e+000
1.068298978720826e-002	-9.908165e+000
1.097595853720826e-002	-9.906126e+000
1.107361478720826e-002	-9.905434e+000
1.117127103720826e-002	-9.904737e+000
1.126892728720826e-002	-9.904247e+000
1.136658353720826e-002	-9.904893e+000
1.146423978720826e-002	-9.908163e+000
1.156189603720826e-002	-9.914706e+000
1.165955228720826e-002	-9.923288e+000
1.175720853720826e-002	-9.931530e+000
1.185486478720826e-002	-9.937443e+000
1.195252103720826e-002	-9.940371e+000
1.205017728720825e-002	-9.941086e+000
1.214783353720825e-002	-9.941068e+000
1.224548978720825e-002	-9.941471e+000
1.234314603720825e-002	-9.942648e+000
1.244080228720825e-002	-9.944258e+000
1.253845853720825e-002	-9.945601e+000
1.263611478720825e-002	-9.946156e+000
1.273377103720825e-002	-9.945990e+000
1.283142728720825e-002	-9.945517e+000
1.292908353720825e-002	-9.944994e+000
1.302673978720825e-002	-9.944470e+000
1.312439603720825e-002	-9.943946e+000
1.322205228720825e-002	-9.943420e+000
1.351502103720825e-002	-9.941839e+000
1.380798978720825e-002	-9.940251e+000
1.410095853720825e-002	-9.938654e+000
1.439392728720825e-002	-9.937046e+000
1.458923978720825e-002	-9.935968e+000
1.478455228720824e-002	-9.934886e+000
1.497986478720824e-002	-9.933798e+000
1.507752103720824e-002	-9.933252e+000
1.517517728720824e-002	-9.932705e+000
1.527283353720824e-002	-9.932156e+000
1.537048978720824e-002	-9.931604e+000
1.546814603720824e-002	-9.931052e+000
1.556580228720824e-002	-9.930498e+000
1.566345853720824e-002	-9.929943e+000
1.576111478720824e-002	-9.929385e+000
1.585877103720824e-002	-9.928826e+000
1.595642728720825e-002	-9.928265e+000
1.605408353720825e-002	-9.927702e+000
1.615173978720825e-002	-9.927136e+000
1.624939603720825e-002	-9.926570e+000
1.634705228720825e-002	-9.926001e+000
1.644470853720825e-002	-9.925429e+000
1.654236478720825e-002	-9.924855e+000
1.664002103720826e-002	-9.924280e+000
1.673767728720826e-002	-9.923701e+000
1.683533353720826e-002	-9.923120e+000
1.693298978720826e-002	-9.922538e+000
1.703064603720826e-002	-9.921951e+000
1.712830228720826e-002	-9.921363e+000
1.722595853720826e-002	-9.920773e+000
1.732361478720827e-002	-9.920178e+000
1.742127103720827e-002	-9.919581e+000
1.751892728720827e-002	-9.918982e+000
1.761658353720827e-002	-9.918379e+000
1.771423978720827e-002	-9.917772e+000
1.781189603720827e-002	-9.917162e+000
1.790955228720827e-002	-9.916550e+000
1.800720853720828e-002	-9.915933e+000
1.810486478720828e-002	-9.915313e+000
1.820252103720828e-002	-9.914688e+000
1.830017728720828e-002	-9.914061e+000
1.839783353720828e-002	-9.913429e+000
1.859314603720828e-002	-9.912154e+000
1.878845853720829e-002	-9.910861e+000
1.898377103720829e-002	-9.909549e+000
1.927673978720829e-002	-9.907543e+000
1.937439603720829e-002	-9.906864e+000
1.947205228720830e-002	-9.906179e+000
1.956970853720830e-002	-9.905510e+000
1.966736478720830e-002	-9.905285e+000
1.976502103720830e-002	-9.906876e+000
1.986267728720830e-002	-9.911751e+000
1.996033353720830e-002	-9.919650e+000
2.005798978720830e-002	-9.928428e+000
2.015564603720831e-002	-9.935628e+000
2.025330228720831e-002	-9.939861e+000
2.035095853720831e-002	-9.941301e+000
2.044861478720831e-002	-9.941341e+000
2.054627103720831e-002	-9.941466e+000
2.064392728720831e-002	-9.942316e+000
2.074158353720831e-002	-9.943707e+000
2.083923978720832e-002	-9.945066e+000
2.093689603720832e-002	-9.945827e+000
2.103455228720832e-002	-9.945843e+000
2.113220853720832e-002	-9.945423e+000
2.122986478720832e-002	-9.944901e+000
2.132752103720832e-002	-9.944377e+000
2.142517728720832e-002	-9.943852e+000
2.152283353720833e-002	-9.943327e+000
2.181580228720833e-002	-9.941746e+000
2.210877103720833e-002	-9.940157e+000
2.240173978720834e-002	-9.938559e+000
2.269470853720834e-002	-9.936951e+000
2.298767728720835e-002	-9.935332e+000
2.328064603720835e-002	-9.933702e+000
2.357361478720835e-002	-9.932057e+000
2.386658353720836e-002	-9.930400e+000
2.415955228720836e-002	-9.928727e+000
2.445252103720837e-002	-9.927036e+000
2.474548978720837e-002	-9.925327e+000
2.503845853720838e-002	-9.923598e+000
2.533142728720838e-002	-9.921847e+000
2.562439603720838e-002	-9.920073e+000
2.591736478720839e-002	-9.918271e+000
2.621033353720839e-002	-9.916440e+000
2.650330228720840e-002	-9.914577e+000
2.679627103720840e-002	-9.912681e+000
2.708923978720840e-002	-9.910745e+000
2.738220853720841e-002	-9.908768e+000
2.767517728720841e-002	-9.906743e+000
2.777283353720841e-002	-9.906057e+000
2.787048978720842e-002	-9.905376e+000
2.796814603720842e-002	-9.904955e+000
2.806580228720842e-002	-9.905861e+000
2.816345853720842e-002	-9.909706e+000
2.826111478720842e-002	-9.916915e+000
2.835877103720842e-002	-9.925784e+000
2.845642728720842e-002	-9.933733e+000
2.855408353720843e-002	-9.938942e+000
2.865173978720843e-002	-9.941132e+000
2.874939603720843e-002	-9.941475e+000
2.884705228720843e-002	-9.941532e+000
2.894470853720843e-002	-9.942139e+000
2.904236478720843e-002	-9.943319e+000
2.914002103720843e-002	-9.944672e+000
2.923767728720843e-002	-9.945627e+000
2.933533353720844e-002	-9.945856e+000
2.943298978720844e-002	-9.945538e+000
2.953064603720844e-002	-9.945034e+000
2.962830228720844e-002	-9.944510e+000
2.972595853720844e-002	-9.943987e+000
2.982361478720844e-002	-9.943461e+000
2.992127103720844e-002	-9.942936e+000
3.021423978720845e-002	-9.941352e+000
3.050720853720845e-002	-9.939760e+000
3.080017728720846e-002	-9.938160e+000
3.109314603720846e-002	-9.936550e+000
3.128845853720846e-002	-9.935470e+000
3.148377103720847e-002	-9.934385e+000
3.158142728720847e-002	-9.933841e+000
3.167908353720847e-002	-9.933294e+000
3.177673978720847e-002	-9.932747e+000
3.187439603720847e-002	-9.932198e+000
3.197205228720847e-002	-9.931647e+000
3.206970853720847e-002	-9.931095e+000
3.216736478720848e-002	-9.930542e+000
3.226502103720848e-002	-9.929986e+000
3.236267728720848e-002	-9.929429e+000
3.246033353720848e-002	-9.928869e+000
3.255798978720848e-002	-9.928308e+000
3.265564603720848e-002	-9.927746e+000
3.275330228720848e-002	-9.927181e+000
3.285095853720849e-002	-9.926614e+000
3.294861478720849e-002	-9.926044e+000
3.304627103720849e-002	-9.925473e+000
3.314392728720849e-002	-9.924900e+000
3.324158353720849e-002	-9.924325e+000
3.333923978720849e-002	-9.923747e+000
3.343689603720849e-002	-9.923166e+000
3.353455228720850e-002	-9.922583e+000
3.363220853720850e-002	-9.921997e+000
3.372986478720850e-002	-9.921410e+000
3.382752103720850e-002	-9.920818e+000
3.392517728720850e-002	-9.920224e+000
3.402283353720850e-002	-9.919627e+000
3.412048978720850e-002	-9.919027e+000
3.421814603720851e-002	-9.918425e+000
3.431580228720851e-002	-9.917819e+000
3.441345853720851e-002	-9.917210e+000
3.451111478720851e-002	-9.916597e+000
3.460877103720851e-002	-9.915981e+000
3.470642728720851e-002	-9.915361e+000
3.480408353720851e-002	-9.914738e+000
3.490173978720852e-002	-9.914110e+000
3.499939603720852e-002	-9.913479e+000
3.509705228720852e-002	-9.912844e+000
3.529236478720852e-002	-9.911560e+000
3.548767728720852e-002	-9.910258e+000
3.568298978720853e-002	-9.908937e+000
3.597595853720853e-002	-9.906918e+000
3.607361478720853e-002	-9.906233e+000
3.617127103720853e-002	-9.905542e+000
3.626892728720853e-002	-9.904953e+000
3.636658353720854e-002	-9.905201e+000
3.646423978720854e-002	-9.907895e+000
3.656189603720854e-002	-9.914088e+000
3.665955228720854e-002	-9.922714e+000
3.675720853720854e-002	-9.931254e+000
3.685486478720854e-002	-9.937500e+000
3.695252103720854e-002	-9.940636e+000
3.705017728720855e-002	-9.941408e+000
3.714783353720855e-002	-9.941336e+000
3.724548978720855e-002	-9.941593e+000
3.734314603720855e-002	-9.942575e+000
3.744080228720855e-002	-9.944034e+000
3.753845853720855e-002	-9.945335e+000
3.763611478720855e-002	-9.945936e+000
3.773377103720856e-002	-9.945822e+000
3.783142728720856e-002	-9.945364e+000
3.792908353720856e-002	-9.944841e+000
3.802673978720856e-002	-9.944317e+000
3.812439603720856e-002	-9.943792e+000
3.822205228720856e-002	-9.943267e+000
3.851502103720857e-002	-9.941686e+000
3.880798978720857e-002	-9.940096e+000
3.910095853720857e-002	-9.938498e+000
3.939392728720858e-002	-9.936890e+000
3.968689603720858e-002	-9.935270e+000
3.997986478720859e-002	-9.933640e+000
4.027283353720859e-002	-9.931995e+000
4.056580228720860e-002	-9.930337e+000
4.085877103720860e-002	-9.928663e+000
4.115173978720860e-002	-9.926971e+000
4.144470853720861e-002	-9.925262e+000
4.164002103720861e-002	-9.924111e+000
4.193298978720862e-002	-9.922367e+000
4.222595853720862e-002	-9.920599e+000
4.251892728720862e-002	-9.918806e+000
4.281189603720863e-002	-9.916984e+000
4.310486478720863e-002	-9.915131e+000
4.339783353720864e-002	-9.913244e+000
4.369080228720864e-002	-9.911321e+000
4.398377103720864e-002	-9.909356e+000
4.427673978720865e-002	-9.907346e+000
4.437439603720865e-002	-9.906665e+000
4.447205228720865e-002	-9.905978e+000
4.456970853720865e-002	-9.905327e+000
4.466736478720865e-002	-9.905172e+000
4.476502103720866e-002	-9.906878e+000
4.486267728720866e-002	-9.911859e+000
4.496033353720866e-002	-9.919819e+000
4.505798978720866e-002	-9.928597e+000
4.515564603720866e-002	-9.935754e+000
4.525330228720866e-002	-9.939928e+000
4.535095853720866e-002	-9.941328e+000
4.544861478720867e-002	-9.941355e+000
4.554627103720867e-002	-9.941486e+000
4.564392728720867e-002	-9.942358e+000
4.574158353720867e-002	-9.943781e+000
4.583923978720867e-002	-9.945166e+000
4.593689603720867e-002	-9.945935e+000
4.603455228720867e-002	-9.945948e+000
4.613220853720867e-002	-9.945527e+000
4.622986478720868e-002	-9.945005e+000
4.632752103720868e-002	-9.944482e+000
4.642517728720868e-002	-9.943957e+000
4.652283353720868e-002	-9.943432e+000
4.681580228720868e-002	-9.941852e+000
4.710877103720869e-002	-9.940263e+000
4.740173978720869e-002	-9.938665e+000
4.769470853720870e-002	-9.937057e+000
4.789002103720870e-002	-9.935980e+000
4.808533353720870e-002	-9.934898e+000
4.828064603720871e-002	-9.933810e+000
4.837830228720871e-002	-9.933264e+000
4.847595853720871e-002	-9.932716e+000
4.857361478720871e-002	-9.932168e+000
4.867127103720871e-002	-9.931617e+000
4.876892728720871e-002	-9.931065e+000
4.886658353720871e-002	-9.930511e+000
4.896423978720872e-002	-9.929955e+000
4.906189603720872e-002	-9.929398e+000
4.915955228720872e-002	-9.928839e+000
4.925720853720872e-002	-9.928277e+000
4.935486478720872e-002	-9.927714e+000
4.945252103720872e-002	-9.927149e+000
4.955017728720872e-002	-9.926582e+000
4.964783353720872e-002	-9.926013e+000
4.974548978720873e-002	-9.925442e+000
4.984314603720873e-002	-9.924868e+000
4.994080228720873e-002	-9.924292e+000
5.003845853720873e-002	-9.923714e+000
5.013611478720873e-002	-9.923134e+000
5.023377103720873e-002	-9.922550e+000
5.033142728720873e-002	-9.921965e+000
5.042908353720874e-002	-9.921376e+000
5.052673978720874e-002	-9.920785e+000
5.062439603720874e-002	-9.920191e+000
5.072205228720874e-002	-9.919594e+000
5.081970853720874e-002	-9.918994e+000
5.091736478720874e-002	-9.918390e+000
5.101502103720874e-002	-9.917785e+000
5.111267728720875e-002	-9.917175e+000
5.121033353720875e-002	-9.916563e+000
5.130798978720875e-002	-9.915946e+000
5.140564603720875e-002	-9.915326e+000
5.150330228720875e-002	-9.914702e+000
5.160095853720875e-002	-9.914075e+000
5.169861478720875e-002	-9.913443e+000
5.189392728720876e-002	-9.912168e+000
5.208923978720876e-002	-9.910874e+000
5.228455228720876e-002	-9.909563e+000
5.257752103720877e-002	-9.907558e+000
5.277283353720877e-002	-9.906194e+000
5.287048978720877e-002	-9.905511e+000
5.296814603720877e-002	-9.905070e+000
5.306580228720877e-002	-9.905915e+000
5.316345853720877e-002	-9.909660e+000
5.326111478720878e-002	-9.916772e+000
5.335877103720878e-002	-9.925598e+000
5.345642728720878e-002	-9.933569e+000
5.355408353720878e-002	-9.938838e+000
5.365173978720878e-002	-9.941088e+000
5.374939603720878e-002	-9.941458e+000
5.384705228720878e-002	-9.941502e+000
5.394470853720879e-002	-9.942074e+000
5.404236478720879e-002	-9.943225e+000
5.414002103720879e-002	-9.944567e+000
5.423767728720879e-002	-9.945530e+000
5.433533353720879e-002	-9.945774e+000
5.443298978720879e-002	-9.945464e+000
5.453064603720879e-002	-9.944962e+000
5.462830228720880e-002	-9.944439e+000
5.472595853720880e-002	-9.943914e+000
5.482361478720880e-002	-9.943389e+000
5.492127103720880e-002	-9.942863e+000
5.521423978720880e-002	-9.941279e+000
5.550720853720881e-002	-9.939688e+000
5.580017728720881e-002	-9.938087e+000
5.609314603720882e-002	-9.936476e+000
5.638611478720882e-002	-9.934854e+000
5.667908353720882e-002	-9.933220e+000
5.697205228720883e-002	-9.931572e+000
5.726502103720883e-002	-9.929910e+000
5.755798978720884e-002	-9.928232e+000
5.785095853720884e-002	-9.926536e+000
5.814392728720885e-002	-9.924822e+000
5.833923978720885e-002	-9.923667e+000
5.863220853720885e-002	-9.921917e+000
5.892517728720886e-002	-9.920142e+000
5.921814603720886e-002	-9.918342e+000
5.951111478720886e-002	-9.916512e+000
5.980408353720887e-002	-9.914652e+000
6.009705228720887e-002	-9.912756e+000
6.039002103720888e-002	-9.910822e+000
6.068298978720888e-002	-9.908846e+000
6.097595853720889e-002	-9.906823e+000
6.107361478720889e-002	-9.906138e+000
6.117127103720889e-002	-9.905447e+000
6.126892728720889e-002	-9.904864e+000
6.136658353720889e-002	-9.905150e+000
6.146423978720889e-002	-9.907927e+000
6.156189603720889e-002	-9.914211e+000
6.165955228720890e-002	-9.922888e+000
6.175720853720890e-002	-9.931418e+000
6.185486478720890e-002	-9.937613e+000
6.195252103720890e-002	-9.940694e+000
6.205017728720890e-002	-9.941439e+000
6.214783353720890e-002	-9.941376e+000
6.224548978720890e-002	-9.941660e+000
6.234314603720891e-002	-9.942663e+000
6.244080228720891e-002	-9.944128e+000
6.253845853720891e-002	-9.945424e+000
6.263611478720890e-002	-9.946012e+000
6.273377103720890e-002	-9.945889e+000
6.283142728720889e-002	-9.945430e+000
6.292908353720889e-002	-9.944906e+000
6.302673978720888e-002	-9.944383e+000
6.312439603720887e-002	-9.943859e+000
6.322205228720887e-002	-9.943334e+000
6.351502103720885e-002	-9.941751e+000
6.380798978720884e-002	-9.940163e+000
6.410095853720882e-002	-9.938564e+000
6.439392728720880e-002	-9.936957e+000
6.458923978720879e-002	-9.935879e+000
6.478455228720878e-002	-9.934796e+000
6.497986478720877e-002	-9.933708e+000
6.507752103720876e-002	-9.933161e+000
6.517517728720876e-002	-9.932613e+000
6.527283353720875e-002	-9.932064e+000
6.537048978720875e-002	-9.931514e+000
6.546814603720874e-002	-9.930961e+000
6.556580228720874e-002	-9.930407e+000
6.566345853720873e-002	-9.929850e+000
6.576111478720872e-002	-9.929293e+000
6.585877103720872e-002	-9.928733e+000
6.595642728720871e-002	-9.928171e+000
6.605408353720871e-002	-9.927608e+000
6.615173978720870e-002	-9.927043e+000
6.624939603720870e-002	-9.926476e+000
6.634705228720869e-002	-9.925906e+000
6.644470853720869e-002	-9.925334e+000
6.654236478720868e-002	-9.924761e+000
6.664002103720867e-002	-9.924184e+000
6.673767728720867e-002	-9.923605e+000
6.683533353720866e-002	-9.923024e+000
6.693298978720866e-002	-9.922441e+000
6.703064603720865e-002	-9.921854e+000
6.712830228720865e-002	-9.921265e+000
6.722595853720864e-002	-9.920673e+000
6.732361478720864e-002	-9.920078e+000
6.742127103720863e-002	-9.919481e+000
6.751892728720862e-002	-9.918880e+000
6.761658353720862e-002	-9.918278e+000
6.771423978720861e-002	-9.917671e+000
6.781189603720861e-002	-9.917061e+000
6.790955228720860e-002	-9.916447e+000
6.800720853720860e-002	-9.915830e+000
6.810486478720859e-002	-9.915209e+000
6.820252103720859e-002	-9.914585e+000
6.830017728720858e-002	-9.913957e+000
6.839783353720857e-002	-9.913324e+000
6.859314603720856e-002	-9.912046e+000
6.878845853720855e-002	-9.910752e+000
6.898377103720854e-002	-9.909439e+000
6.927673978720852e-002	-9.907432e+000
6.937439603720852e-002	-9.906751e+000
6.947205228720851e-002	-9.906065e+000
6.956970853720851e-002	-9.905408e+000
6.966736478720850e-002	-9.905224e+000
6.976502103720850e-002	-9.906861e+000
6.986267728720849e-002	-9.911757e+000
6.996033353720849e-002	-9.919661e+000
7.005798978720848e-002	-9.928435e+000
7.015564603720847e-002	-9.935630e+000
7.025330228720847e-002	-9.939857e+000
7.035095853720846e-002	-9.941294e+000
7.044861478720846e-002	-9.941333e+000
7.054627103720845e-002	-9.941459e+000
7.064392728720845e-002	-9.942311e+000
7.074158353720844e-002	-9.943707e+000
7.083923978720844e-002	-9.945070e+000
7.093689603720843e-002	-9.945833e+000
7.103455228720843e-002	-9.945848e+000
7.113220853720842e-002	-9.945428e+000
7.122986478720841e-002	-9.944905e+000
7.132752103720841e-002	-9.944382e+000
7.142517728720840e-002	-9.943857e+000
7.152283353720840e-002	-9.943333e+000
7.181580228720838e-002	-9.941751e+000
7.210877103720836e-002	-9.940162e+000
7.240173978720835e-002	-9.938563e+000
7.269470853720833e-002	-9.936956e+000
7.298767728720831e-002	-9.935337e+000
7.328064603720830e-002	-9.933706e+000
7.357361478720828e-002	-9.932063e+000
7.386658353720826e-002	-9.930405e+000
7.415955228720825e-002	-9.928732e+000
7.445252103720823e-002	-9.927042e+000
7.474548978720821e-002	-9.925333e+000
7.503845853720820e-002	-9.923604e+000
7.533142728720818e-002	-9.921852e+000
7.562439603720816e-002	-9.920077e+000
7.591736478720815e-002	-9.918276e+000
7.621033353720813e-002	-9.916446e+000
7.650330228720811e-002	-9.914583e+000
7.679627103720810e-002	-9.912686e+000
7.708923978720808e-002	-9.910751e+000
7.738220853720806e-002	-9.908773e+000
7.767517728720805e-002	-9.906750e+000
7.777283353720804e-002	-9.906063e+000
7.787048978720804e-002	-9.905382e+000
7.796814603720803e-002	-9.904961e+000
7.806580228720803e-002	-9.905865e+000
7.816345853720802e-002	-9.909707e+000
7.826111478720801e-002	-9.916914e+000
7.835877103720801e-002	-9.925782e+000
7.845642728720800e-002	-9.933731e+000
7.855408353720800e-002	-9.938941e+000
7.865173978720799e-002	-9.941132e+000
7.874939603720799e-002	-9.941476e+000
7.884705228720798e-002	-9.941532e+000
7.894470853720798e-002	-9.942139e+000
7.904236478720797e-002	-9.943319e+000
7.914002103720796e-002	-9.944672e+000
7.923767728720796e-002	-9.945627e+000
7.933533353720795e-002	-9.945857e+000
7.943298978720795e-002	-9.945539e+000
7.953064603720794e-002	-9.945034e+000
7.962830228720794e-002	-9.944511e+000
7.972595853720793e-002	-9.943987e+000
7.982361478720793e-002	-9.943461e+000
7.992127103720792e-002	-9.942936e+000
8.021423978720790e-002	-9.941353e+000
8.050720853720789e-002	-9.939761e+000
8.080017728720787e-002	-9.938161e+000
8.109314603720785e-002	-9.936550e+000
8.128845853720784e-002	-9.935471e+000
8.148377103720783e-002	-9.934385e+000
8.158142728720783e-002	-9.933841e+000
8.167908353720782e-002	-9.933294e+000
8.177673978720781e-002	-9.932747e+000
8.187439603720781e-002	-9.932199e+000
8.197205228720780e-002	-9.931648e+000
8.206970853720780e-002	-9.931095e+000
8.216736478720779e-002	-9.930542e+000
8.226502103720779e-002	-9.929986e+000
8.236267728720778e-002	-9.929429e+000
8.246033353720778e-002	-9.928869e+000
8.255798978720777e-002	-9.928308e+000
8.265564603720776e-002	-9.927746e+000
8.275330228720776e-002	-9.927181e+000
8.285095853720775e-002	-9.926614e+000
8.294861478720775e-002	-9.926044e+000
8.304627103720774e-002	-9.925474e+000
8.314392728720774e-002	-9.924900e+000
8.324158353720773e-002	-9.924324e+000
8.333923978720773e-002	-9.923746e+000
8.343689603720772e-002	-9.923166e+000
8.353455228720771e-002	-9.922583e+000
8.363220853720771e-002	-9.921997e+000
8.372986478720770e-002	-9.921410e+000
8.382752103720770e-002	-9.920818e+000
8.392517728720769e-002	-9.920224e+000
8.402283353720769e-002	-9.919627e+000
8.412048978720768e-002	-9.919027e+000
8.421814603720768e-002	-9.918425e+000
8.431580228720767e-002	-9.917819e+000
8.441345853720766e-002	-9.917210e+000
8.451111478720766e-002	-9.916597e+000
8.460877103720765e-002	-9.915981e+000
8.470642728720765e-002	-9.915361e+000
8.480408353720764e-002	-9.914738e+000
8.490173978720764e-002	-9.914110e+000
8.499939603720763e-002	-9.913479e+000
8.509705228720763e-002	-9.912844e+000
8.529236478720761e-002	-9.911560e+000
8.548767728720760e-002	-9.910258e+000
8.568298978720759e-002	-9.908937e+000
8.597595853720758e-002	-9.906918e+000
8.607361478720757e-002	-9.906233e+000
8.617127103720756e-002	-9.905542e+000
8.626892728720756e-002	-9.904953e+000
8.636658353720755e-002	-9.905201e+000
8.646423978720755e-002	-9.907895e+000
8.656189603720754e-002	-9.914089e+000
8.665955228720754e-002	-9.922715e+000
8.675720853720753e-002	-9.931254e+000
8.685486478720753e-002	-9.937500e+000
8.695252103720752e-002	-9.940636e+000
8.705017728720751e-002	-9.941408e+000
8.714783353720751e-002	-9.941336e+000
8.724548978720750e-002	-9.941593e+000
8.734314603720750e-002	-9.942575e+000
8.744080228720749e-002	-9.944034e+000
8.753845853720749e-002	-9.945335e+000
8.763611478720748e-002	-9.945936e+000
8.773377103720748e-002	-9.945822e+000
8.783142728720747e-002	-9.945364e+000
8.792908353720746e-002	-9.944841e+000
8.802673978720746e-002	-9.944318e+000
8.812439603720745e-002	-9.943792e+000
8.822205228720745e-002	-9.943267e+000
8.851502103720743e-002	-9.941686e+000
8.880798978720741e-002	-9.940096e+000
8.910095853720740e-002	-9.938498e+000
8.939392728720738e-002	-9.936890e+000
8.968689603720736e-002	-9.935270e+000
8.997986478720735e-002	-9.933640e+000
9.027283353720733e-002	-9.931995e+000
9.056580228720731e-002	-9.930337e+000
9.085877103720730e-002	-9.928663e+000
9.115173978720728e-002	-9.926971e+000
9.144470853720726e-002	-9.925262e+000
9.164002103720725e-002	-9.924111e+000
9.193298978720724e-002	-9.922367e+000
9.222595853720722e-002	-9.920599e+000
9.251892728720720e-002	-9.918805e+000
9.281189603720719e-002	-9.916984e+000
9.310486478720717e-002	-9.915131e+000
9.339783353720715e-002	-9.913244e+000
9.359314603720714e-002	-9.911966e+000
9.388611478720713e-002	-9.910016e+000
9.417908353720711e-002	-9.908022e+000
9.437439603720710e-002	-9.906666e+000
9.447205228720709e-002	-9.905979e+000
9.456970853720709e-002	-9.905327e+000
9.466736478720708e-002	-9.905172e+000
9.476502103720708e-002	-9.906878e+000
9.486267728720707e-002	-9.911859e+000
9.496033353720706e-002	-9.919819e+000
9.505798978720706e-002	-9.928597e+000
9.515564603720705e-002	-9.935754e+000
9.525330228720705e-002	-9.939929e+000
9.535095853720704e-002	-9.941328e+000
9.544861478720704e-002	-9.941355e+000
9.554627103720703e-002	-9.941486e+000
9.564392728720703e-002	-9.942358e+000
9.574158353720702e-002	-9.943781e+000
9.583923978720702e-002	-9.945166e+000
9.593689603720701e-002	-9.945935e+000
9.603455228720700e-002	-9.945948e+000
9.613220853720700e-002	-9.945527e+000
9.622986478720699e-002	-9.945005e+000
9.632752103720699e-002	-9.944482e+000
9.642517728720698e-002	-9.943957e+000
9.652283353720698e-002	-9.943432e+000
9.681580228720696e-002	-9.941852e+000
9.710877103720694e-002	-9.940263e+000
9.740173978720693e-002	-9.938665e+000
9.769470853720691e-002	-9.937057e+000
9.789002103720690e-002	-9.935980e+000
9.808533353720689e-002	-9.934898e+000
9.828064603720688e-002	-9.933809e+000
9.837830228720687e-002	-9.933264e+000
9.847595853720687e-002	-9.932716e+000
9.857361478720686e-002	-9.932167e+000
9.867127103720685e-002	-9.931617e+000
9.876892728720685e-002	-9.931065e+000
9.886658353720684e-002	-9.930511e+000
9.896423978720684e-002	-9.929955e+000
9.906189603720683e-002	-9.929398e+000
9.915955228720683e-002	-9.928839e+000
9.925720853720682e-002	-9.928277e+000
9.935486478720682e-002	-9.927714e+000
9.945252103720681e-002	-9.927149e+000
9.955017728720680e-002	-9.926582e+000
9.964783353720680e-002	-9.926013e+000
9.974548978720679e-002	-9.925442e+000
9.984314603720679e-002	-9.924868e+000
9.994080228720678e-002	-9.924293e+000
1.000000000000000e-001	-9.923943e+000
