# time	V(rect_+)	V(rect_-)
0.000000000000000e+000	0.000000e+000	0.000000e+000
2.195659019826181e-007	2.433054e-005	-2.433054e-005
4.391318039652363e-007	9.376318e-005	-9.376318e-005
6.586977059478544e-007	2.082979e-004	-2.082979e-004
8.782636079304725e-007	3.679348e-004	-3.679348e-004
1.097829509913091e-006	5.726737e-004	-5.726737e-004
1.317395411895709e-006	8.225147e-004	-8.225147e-004
1.536961313878326e-006	1.117458e-003	-1.117458e-003
3.072957783982187e-006	4.239082e-003	-4.239082e-003
6.144950724189909e-006	1.486259e-002	-1.486259e-002
1.228893660460535e-005	4.641308e-002	-4.641308e-002
2.457690836543624e-005	1.275132e-001	-1.275132e-001
4.915285188709802e-005	3.130336e-001	-3.130336e-001
9.830473893042157e-005	7.078709e-001	-7.078709e-001
1.959609889304216e-004	1.511928e+000	-1.511928e+000
2.936172389304216e-004	2.322930e+000	-2.322930e+000
3.912734889304216e-004	3.135669e+000	-3.135669e+000
4.889297389304216e-004	3.946047e+000	-3.946047e+000
5.865859889304215e-004	4.751627e+000	-4.751627e+000
6.842422389304215e-004	5.551181e+000	-5.551181e+000
7.818984889304215e-004	6.343547e+000	-6.343547e+000
8.795547389304215e-004	7.127511e+000	-7.127511e+000
9.772109889304216e-004	7.901907e+000	-7.901907e+000
1.074867238930422e-003	8.665618e+000	-8.665618e+000
1.172523488930422e-003	9.417557e+000	-9.417557e+000
1.270179738930422e-003	1.015666e+001	-1.015666e+001
1.367835988930422e-003	1.088191e+001	-1.088191e+001
1.465492238930422e-003	1.159228e+001	-1.159228e+001
1.563148488930422e-003	1.228680e+001	-1.228680e+001
1.660804738930422e-003	1.296451e+001	-1.296451e+001
1.758460988930422e-003	1.362447e+001	-1.362447e+001
1.953773488930422e-003	1.488757e+001	-1.488757e+001
2.149085988930423e-003	1.606918e+001	-1.606918e+001
2.344398488930423e-003	1.716283e+001	-1.716283e+001
2.637367238930423e-003	1.862548e+001	-1.862548e+001
2.930335988930423e-003	1.985900e+001	-1.985900e+001
3.223304738930424e-003	2.084827e+001	-2.084827e+001
3.516273488930424e-003	2.158119e+001	-2.158119e+001
3.809242238930424e-003	2.204880e+001	-2.204880e+001
4.102210988930423e-003	2.224537e+001	-2.224537e+001
4.395179738930422e-003	2.216849e+001	-2.216849e+001
4.688148488930421e-003	2.181912e+001	-2.181912e+001
4.981117238930420e-003	2.120152e+001	-2.120152e+001
5.274085988930419e-003	2.032324e+001	-2.032324e+001
5.567054738930418e-003	1.919504e+001	-1.919504e+001
5.860023488930417e-003	1.783073e+001	-1.783073e+001
6.152992238930416e-003	1.624702e+001	-1.624702e+001
6.445960988930415e-003	1.446335e+001	-1.446335e+001
6.738929738930414e-003	1.250165e+001	-1.250165e+001
7.031898488930413e-003	1.038614e+001	-1.038614e+001
7.324867238930412e-003	8.143138e+000	-8.143138e+000
7.617835988930411e-003	5.801051e+000	-5.801051e+000
7.910804738930410e-003	3.391288e+000	-3.391288e+000
8.106117238930410e-003	1.767114e+000	-1.767114e+000
8.203773488930409e-003	9.626698e-001	-9.626698e-001
8.301429738930409e-003	1.774512e-001	-1.774512e-001
8.313636770180408e-003	1.020044e-001	-1.020044e-001
8.338050832680409e-003	2.870042e-002	-2.870042e-002
8.344154348305408e-003	4.167692e-002	-4.167692e-002
8.356361379555408e-003	1.208469e-001	-1.208469e-001
8.380775442055408e-003	3.042029e-001	-3.042029e-001
8.429603567055409e-003	6.959204e-001	-6.959204e-001
8.624916067055408e-003	2.310629e+000	-2.310629e+000
8.917884817055407e-003	4.739646e+000	-4.739646e+000
9.210853567055406e-003	7.116023e+000	-7.116023e+000
9.503822317055405e-003	9.406775e+000	-9.406775e+000
9.796791067055404e-003	1.158240e+001	-1.158240e+001
1.008975981705540e-002	1.361567e+001	-1.361567e+001
1.038272856705540e-002	1.548142e+001	-1.548142e+001
1.067569731705540e-002	1.715667e+001	-1.715667e+001
1.096866606705540e-002	1.862085e+001	-1.862085e+001
1.126163481705540e-002	1.985602e+001	-1.985602e+001
1.155460356705540e-002	2.084703e+001	-2.084703e+001
1.184757231705540e-002	2.158177e+001	-2.158177e+001
1.214054106705540e-002	2.205124e+001	-2.205124e+001
1.243350981705539e-002	2.224971e+001	-2.224971e+001
1.272647856705539e-002	2.217473e+001	-2.217473e+001
1.301944731705539e-002	2.182724e+001	-2.182724e+001
1.331241606705539e-002	2.121148e+001	-2.121148e+001
1.360538481705539e-002	2.033498e+001	-2.033498e+001
1.389835356705539e-002	1.920847e+001	-1.920847e+001
1.419132231705539e-002	1.784574e+001	-1.784574e+001
1.438663481705539e-002	1.681415e+001	-1.681415e+001
1.458194731705539e-002	1.569057e+001	-1.569057e+001
1.477725981705539e-002	1.448114e+001	-1.448114e+001
1.497257231705539e-002	1.319246e+001	-1.319246e+001
1.507022856705539e-002	1.252059e+001	-1.252059e+001
1.516788481705539e-002	1.183160e+001	-1.183160e+001
1.526554106705538e-002	1.112643e+001	-1.112643e+001
1.536319731705538e-002	1.040606e+001	-1.040606e+001
1.546085356705538e-002	9.671485e+000	-9.671485e+000
1.555850981705538e-002	8.923729e+000	-8.923729e+000
1.565616606705539e-002	8.163843e+000	-8.163843e+000
1.575382231705539e-002	7.392903e+000	-7.392903e+000
1.585147856705539e-002	6.612019e+000	-6.612019e+000
1.594913481705539e-002	5.822334e+000	-5.822334e+000
1.604679106705539e-002	5.025047e+000	-5.025047e+000
1.614444731705539e-002	4.221432e+000	-4.221432e+000
1.624210356705539e-002	3.412904e+000	-3.412904e+000
1.633975981705539e-002	2.601167e+000	-2.601167e+000
1.643741606705540e-002	1.788712e+000	-1.788712e+000
1.653507231705540e-002	9.836598e-001	-9.836598e-001
1.663272856705540e-002	1.922729e-001	-1.922729e-001
1.663404775471643e-002	1.820691e-001	-1.820691e-001
1.663668613003849e-002	1.626263e-001	-1.626263e-001
1.664196288068261e-002	1.252720e-001	-1.252720e-001
1.665251638197085e-002	7.111531e-002	-7.111531e-002
1.667362338454733e-002	2.481922e-002	-2.481922e-002
1.667662822897997e-002	3.150563e-002	-3.150563e-002
1.668263791784525e-002	6.738028e-002	-6.738028e-002
1.669465729557581e-002	1.509107e-001	-1.509107e-001
1.671869605103693e-002	3.348540e-001	-3.348540e-001
1.676677356195917e-002	7.220082e-001	-7.220082e-001
1.686292858380365e-002	1.514275e+000	-1.514275e+000
1.696058483380365e-002	2.325570e+000	-2.325570e+000
1.705824108380365e-002	3.138277e+000	-3.138277e+000
1.715589733380365e-002	3.948561e+000	-3.948561e+000
1.725355358380365e-002	4.754101e+000	-4.754101e+000
1.735120983380365e-002	5.553635e+000	-5.553635e+000
1.744886608380366e-002	6.345978e+000	-6.345978e+000
1.754652233380366e-002	7.129914e+000	-7.129914e+000
1.764417858380366e-002	7.904280e+000	-7.904280e+000
1.774183483380366e-002	8.667955e+000	-8.667955e+000
1.783949108380366e-002	9.419856e+000	-9.419856e+000
1.793714733380366e-002	1.015892e+001	-1.015892e+001
1.803480358380366e-002	1.088412e+001	-1.088412e+001
1.813245983380367e-002	1.159445e+001	-1.159445e+001
1.823011608380367e-002	1.228892e+001	-1.228892e+001
1.832777233380367e-002	1.296657e+001	-1.296657e+001
1.842542858380367e-002	1.362648e+001	-1.362648e+001
1.862074108380367e-002	1.488946e+001	-1.488946e+001
1.881605358380368e-002	1.607093e+001	-1.607093e+001
1.901136608380368e-002	1.716444e+001	-1.716444e+001
1.930433483380368e-002	1.862687e+001	-1.862687e+001
1.959730358380369e-002	1.986014e+001	-1.986014e+001
1.989027233380369e-002	2.084916e+001	-2.084916e+001
2.018324108380369e-002	2.158181e+001	-2.158181e+001
2.047620983380370e-002	2.204914e+001	-2.204914e+001
2.076917858380370e-002	2.224543e+001	-2.224543e+001
2.106214733380371e-002	2.216827e+001	-2.216827e+001
2.135511608380371e-002	2.181862e+001	-2.181862e+001
2.164808483380372e-002	2.120075e+001	-2.120075e+001
2.194105358380372e-002	2.032221e+001	-2.032221e+001
2.223402233380372e-002	1.919376e+001	-1.919376e+001
2.252699108380373e-002	1.782921e+001	-1.782921e+001
2.281995983380373e-002	1.624529e+001	-1.624529e+001
2.311292858380374e-002	1.446142e+001	-1.446142e+001
2.340589733380374e-002	1.249956e+001	-1.249956e+001
2.369886608380374e-002	1.038390e+001	-1.038390e+001
2.399183483380375e-002	8.140779e+000	-8.140779e+000
2.428480358380375e-002	5.798607e+000	-5.798607e+000
2.457777233380376e-002	3.388792e+000	-3.388792e+000
2.477308483380376e-002	1.764615e+000	-1.764615e+000
2.487074108380376e-002	9.602442e-001	-9.602442e-001
2.496839733380376e-002	1.753056e-001	-1.753056e-001
2.498060436505376e-002	1.004344e-001	-1.004344e-001
2.500501842755376e-002	2.969609e-002	-2.969609e-002
2.501112194317876e-002	4.321600e-002	-4.321600e-002
2.502332897442876e-002	1.228548e-001	-1.228548e-001
2.504774303692876e-002	3.064993e-001	-3.064993e-001
2.509657116192876e-002	6.983571e-001	-6.983571e-001
2.529188366192876e-002	2.313151e+000	-2.313151e+000
2.558485241192877e-002	4.742118e+000	-4.742118e+000
2.587782116192877e-002	7.118423e+000	-7.118423e+000
2.617078991192878e-002	9.409071e+000	-9.409071e+000
2.646375866192878e-002	1.158456e+001	-1.158456e+001
2.675672741192878e-002	1.361767e+001	-1.361767e+001
2.704969616192879e-002	1.548324e+001	-1.548324e+001
2.734266491192879e-002	1.715829e+001	-1.715829e+001
2.763563366192880e-002	1.862224e+001	-1.862224e+001
2.792860241192880e-002	1.985716e+001	-1.985716e+001
2.822157116192881e-002	2.084792e+001	-2.084792e+001
2.851453991192881e-002	2.158239e+001	-2.158239e+001
2.880750866192881e-002	2.205158e+001	-2.205158e+001
2.910047741192882e-002	2.224977e+001	-2.224977e+001
2.939344616192882e-002	2.217451e+001	-2.217451e+001
2.968641491192883e-002	2.182674e+001	-2.182674e+001
2.997938366192883e-002	2.121071e+001	-2.121071e+001
3.027235241192883e-002	2.033395e+001	-2.033395e+001
3.056532116192884e-002	1.920719e+001	-1.920719e+001
3.085828991192884e-002	1.784422e+001	-1.784422e+001
3.105360241192885e-002	1.681249e+001	-1.681249e+001
3.124891491192885e-002	1.568877e+001	-1.568877e+001
3.144422741192885e-002	1.447921e+001	-1.447921e+001
3.163953991192885e-002	1.319041e+001	-1.319041e+001
3.173719616192886e-002	1.251849e+001	-1.251849e+001
3.183485241192886e-002	1.182945e+001	-1.182945e+001
3.193250866192886e-002	1.112424e+001	-1.112424e+001
3.203016491192886e-002	1.040382e+001	-1.040382e+001
3.212782116192886e-002	9.669199e+000	-9.669199e+000
3.222547741192886e-002	8.921404e+000	-8.921404e+000
3.232313366192886e-002	8.161482e+000	-8.161482e+000
3.242078991192886e-002	7.390511e+000	-7.390511e+000
3.251844616192887e-002	6.609597e+000	-6.609597e+000
3.261610241192887e-002	5.819887e+000	-5.819887e+000
3.271375866192887e-002	5.022578e+000	-5.022578e+000
3.281141491192887e-002	4.218946e+000	-4.218946e+000
3.290907116192887e-002	3.410405e+000	-3.410405e+000
3.300672741192887e-002	2.598662e+000	-2.598662e+000
3.310438366192887e-002	1.786210e+000	-1.786210e+000
3.320203991192888e-002	9.812238e-001	-9.812238e-001
3.329969616192888e-002	1.904117e-001	-1.904117e-001
3.330242554253592e-002	1.694438e-001	-1.694438e-001
3.330788430374999e-002	1.305788e-001	-1.305788e-001
3.331880182617814e-002	7.428485e-002	-7.428485e-002
3.334063687103443e-002	3.282094e-002	-3.282094e-002
3.334609563224850e-002	4.831045e-002	-4.831045e-002
3.335701315467664e-002	1.205308e-001	-1.205308e-001
3.337884819953293e-002	2.837411e-001	-2.837411e-001
3.341300121543531e-002	5.553058e-001	-5.553058e-001
3.348130724724008e-002	1.115050e+000	-1.115050e+000
3.357896349724008e-002	1.924787e+000	-1.924787e+000
3.367661974724008e-002	2.737187e+000	-2.737187e+000
3.377427599724008e-002	3.548547e+000	-3.548547e+000
3.387193224724008e-002	4.356454e+000	-4.356454e+000
3.396958849724008e-002	5.159107e+000	-5.159107e+000
3.406724474724009e-002	5.955167e+000	-5.955167e+000
3.416490099724009e-002	6.743408e+000	-6.743408e+000
3.426255724724009e-002	7.522648e+000	-7.522648e+000
3.436021349724009e-002	8.291748e+000	-8.291748e+000
3.445786974724009e-002	9.049605e+000	-9.049605e+000
3.455552599724009e-002	9.795149e+000	-9.795149e+000
3.465318224724009e-002	1.052733e+001	-1.052733e+001
3.475083849724010e-002	1.124514e+001	-1.124514e+001
3.484849474724010e-002	1.194757e+001	-1.194757e+001
3.494615099724010e-002	1.263365e+001	-1.263365e+001
3.504380724724010e-002	1.330245e+001	-1.330245e+001
3.523911974724010e-002	1.458453e+001	-1.458453e+001
3.543443224724011e-002	1.578677e+001	-1.578677e+001
3.562974474724011e-002	1.690261e+001	-1.690261e+001
3.592271349724011e-002	1.840116e+001	-1.840116e+001
3.621568224724012e-002	1.967332e+001	-1.967332e+001
3.650865099724012e-002	2.070351e+001	-2.070351e+001
3.680161974724013e-002	2.147912e+001	-2.147912e+001
3.709458849724013e-002	2.199066e+001	-2.199066e+001
3.738755724724013e-002	2.223187e+001	-2.223187e+001
3.768052599724014e-002	2.219982e+001	-2.219982e+001
3.797349474724014e-002	2.189487e+001	-2.189487e+001
3.826646349724015e-002	2.132077e+001	-2.132077e+001
3.855943224724015e-002	2.048454e+001	-2.048454e+001
3.885240099724015e-002	1.939641e+001	-1.939641e+001
3.914536974724016e-002	1.806970e+001	-1.806970e+001
3.943833849724016e-002	1.652067e+001	-1.652067e+001
3.973130724724017e-002	1.476832e+001	-1.476832e+001
4.002427599724017e-002	1.283418e+001	-1.283418e+001
4.031724474724018e-002	1.074211e+001	-1.074211e+001
4.061021349724018e-002	8.518105e+000	-8.518105e+000
4.090318224724018e-002	6.190201e+000	-6.190201e+000
4.119615099724019e-002	3.789143e+000	-3.789143e+000
4.148911974724019e-002	1.355707e+000	-1.355707e+000
4.158677599724019e-002	5.509243e-001	-5.509243e-001
4.159898302849020e-002	4.522943e-001	-4.522943e-001
4.162339709099019e-002	2.821143e-001	-2.821143e-001
4.167222521599019e-002	6.450742e-002	-6.450742e-002
4.168443224724019e-002	8.769235e-002	-8.769235e-002
4.170884630974019e-002	2.645813e-001	-2.645813e-001
4.175767443474019e-002	6.536053e-001	-6.536053e-001
4.185533068474019e-002	1.456654e+000	-1.456654e+000
4.214829943474020e-002	3.890369e+000	-3.890369e+000
4.244126818474020e-002	6.289362e+000	-6.289362e+000
4.273423693474020e-002	8.613698e+000	-8.613698e+000
4.302720568474021e-002	1.083297e+001	-1.083297e+001
4.332017443474021e-002	1.291923e+001	-1.291923e+001
4.361314318474022e-002	1.484656e+001	-1.484656e+001
4.390611193474022e-002	1.659121e+001	-1.659121e+001
4.419908068474023e-002	1.813172e+001	-1.813172e+001
4.449204943474023e-002	1.944921e+001	-1.944921e+001
4.478501818474023e-002	2.052753e+001	-2.052753e+001
4.507798693474024e-002	2.135349e+001	-2.135349e+001
4.537095568474024e-002	2.191697e+001	-2.191697e+001
4.566392443474025e-002	2.221109e+001	-2.221109e+001
4.595689318474025e-002	2.223224e+001	-2.223224e+001
4.624986193474025e-002	2.198016e+001	-2.198016e+001
4.654283068474026e-002	2.145795e+001	-2.145795e+001
4.683579943474026e-002	2.067199e+001	-2.067199e+001
4.712876818474027e-002	1.963189e+001	-1.963189e+001
4.742173693474027e-002	1.835039e+001	-1.835039e+001
4.771470568474028e-002	1.684318e+001	-1.684318e+001
4.791001818474028e-002	1.572200e+001	-1.572200e+001
4.810533068474028e-002	1.451479e+001	-1.451479e+001
4.830064318474028e-002	1.322816e+001	-1.322816e+001
4.839829943474028e-002	1.255724e+001	-1.255724e+001
4.849595568474029e-002	1.186915e+001	-1.186915e+001
4.859361193474029e-002	1.116483e+001	-1.116483e+001
4.869126818474029e-002	1.044525e+001	-1.044525e+001
4.878892443474029e-002	9.711412e+000	-9.711412e+000
4.888658068474029e-002	8.964340e+000	-8.964340e+000
4.898423693474029e-002	8.205080e+000	-8.205080e+000
4.908189318474029e-002	7.434708e+000	-7.434708e+000
4.917954943474030e-002	6.654330e+000	-6.654330e+000
4.927720568474030e-002	5.865090e+000	-5.865090e+000
4.937486193474030e-002	5.068181e+000	-5.068181e+000
4.947251818474030e-002	4.264873e+000	-4.264873e+000
4.957017443474030e-002	3.456569e+000	-3.456569e+000
4.966783068474030e-002	2.644953e+000	-2.644953e+000
4.976548693474030e-002	1.832444e+000	-1.832444e+000
4.986314318474031e-002	1.026341e+000	-1.026341e+000
4.996079943474031e-002	2.327578e-001	-2.327578e-001
4.996490906286005e-002	2.008419e-001	-2.008419e-001
4.997312831909954e-002	1.421894e-001	-1.421894e-001
4.998956683157853e-002	3.589219e-002	-3.589219e-002
4.999367645969827e-002	1.804277e-002	-1.804277e-002
5.000189571593777e-002	1.866600e-002	-1.866600e-002
5.001833422841675e-002	9.487712e-002	-9.487712e-002
5.005121125337472e-002	3.321886e-001	-3.321886e-001
5.011696530329066e-002	8.606056e-001	-8.606056e-001
5.021462155329066e-002	1.666608e+000	-1.666608e+000
5.031227780329066e-002	2.478677e+000	-2.478677e+000
5.040993405329066e-002	3.291021e+000	-3.291021e+000
5.050759030329066e-002	4.100425e+000	-4.100425e+000
5.060524655329066e-002	4.904907e+000	-4.904907e+000
5.070290280329066e-002	5.703187e+000	-5.703187e+000
5.080055905329067e-002	6.494041e+000	-6.494041e+000
5.089821530329067e-002	7.276265e+000	-7.276265e+000
5.099587155329067e-002	8.048705e+000	-8.048705e+000
5.109352780329067e-002	8.810249e+000	-8.810249e+000
5.119118405329067e-002	9.559817e+000	-9.559817e+000
5.128884030329067e-002	1.029635e+001	-1.029635e+001
5.138649655329067e-002	1.101883e+001	-1.101883e+001
5.148415280329068e-002	1.172625e+001	-1.172625e+001
5.158180905329068e-002	1.241763e+001	-1.241763e+001
5.167946530329068e-002	1.309202e+001	-1.309202e+001
5.187477780329068e-002	1.438614e+001	-1.438614e+001
5.207009030329068e-002	1.560151e+001	-1.560151e+001
5.226540280329069e-002	1.673148e+001	-1.673148e+001
5.255837155329069e-002	1.825296e+001	-1.825296e+001
5.285134030329070e-002	1.954987e+001	-1.954987e+001
5.314430905329070e-002	2.060632e+001	-2.060632e+001
5.343727780329070e-002	2.140938e+001	-2.140938e+001
5.373024655329071e-002	2.194923e+001	-2.194923e+001
5.402321530329071e-002	2.221925e+001	-2.221925e+001
5.431618405329072e-002	2.221616e+001	-2.221616e+001
5.460915280329072e-002	2.193998e+001	-2.193998e+001
5.490212155329072e-002	2.139409e+001	-2.139409e+001
5.519509030329073e-002	2.058518e+001	-2.058518e+001
5.548805905329073e-002	1.952313e+001	-1.952313e+001
5.578102780329074e-002	1.822095e+001	-1.822095e+001
5.607399655329074e-002	1.669460e+001	-1.669460e+001
5.636696530329075e-002	1.496279e+001	-1.496279e+001
5.665993405329075e-002	1.304680e+001	-1.304680e+001
5.695290280329075e-002	1.097026e+001	-1.097026e+001
5.724587155329076e-002	8.758924e+000	-8.758924e+000
5.753884030329076e-002	6.440622e+000	-6.440622e+000
5.783180905329077e-002	4.045718e+000	-4.045718e+000
5.812477780329077e-002	1.612409e+000	-1.612409e+000
5.822243405329077e-002	8.156322e-001	-8.156322e-001
5.832009030329077e-002	6.729859e-002	-6.729859e-002
5.833229733454078e-002	5.576266e-003	-5.576266e-003
5.833534909235327e-002	5.290991e-003	-5.290991e-003
5.834145260797827e-002	2.911977e-002	-2.911977e-002
5.835365963922828e-002	1.032595e-001	-1.032595e-001
5.837807370172828e-002	2.836323e-001	-2.836323e-001
5.842690182672827e-002	6.740060e-001	-6.740060e-001
5.852455807672827e-002	1.477135e+000	-1.477135e+000
5.881752682672828e-002	3.911570e+000	-3.911570e+000
5.911049557672828e-002	6.310046e+000	-6.310046e+000
5.940346432672829e-002	8.633592e+000	-8.633592e+000
5.969643307672829e-002	1.085182e+001	-1.085182e+001
5.998940182672830e-002	1.293680e+001	-1.293680e+001
6.028237057672830e-002	1.486263e+001	-1.486263e+001
6.057533932672830e-002	1.660558e+001	-1.660558e+001
6.086830807672831e-002	1.814423e+001	-1.814423e+001
6.116127682672831e-002	1.945969e+001	-1.945969e+001
6.145424557672832e-002	2.053586e+001	-2.053586e+001
6.174721432672832e-002	2.135956e+001	-2.135956e+001
6.204018307672832e-002	2.192072e+001	-2.192072e+001
6.233315182672833e-002	2.221245e+001	-2.221245e+001
6.262612057672833e-002	2.223121e+001	-2.223121e+001
6.291908932672831e-002	2.197676e+001	-2.197676e+001
6.321205807672829e-002	2.145221e+001	-2.145221e+001
6.350502682672828e-002	2.066398e+001	-2.066398e+001
6.379799557672826e-002	1.962171e+001	-1.962171e+001
6.409096432672824e-002	1.833816e+001	-1.833816e+001
6.438393307672823e-002	1.682906e+001	-1.682906e+001
6.457924557672821e-002	1.570671e+001	-1.570671e+001
6.477455807672820e-002	1.449842e+001	-1.449842e+001
6.496987057672819e-002	1.321079e+001	-1.321079e+001
6.506752682672819e-002	1.253941e+001	-1.253941e+001
6.516518307672818e-002	1.185088e+001	-1.185088e+001
6.526283932672818e-002	1.114615e+001	-1.114615e+001
6.536049557672817e-002	1.042618e+001	-1.042618e+001
6.545815182672816e-002	9.691985e+000	-9.691985e+000
6.555580807672816e-002	8.944580e+000	-8.944580e+000
6.565346432672815e-002	8.185015e+000	-8.185015e+000
6.575112057672815e-002	7.414367e+000	-7.414367e+000
6.584877682672814e-002	6.633741e+000	-6.633741e+000
6.594643307672814e-002	5.844285e+000	-5.844285e+000
6.604408932672813e-002	5.047191e+000	-5.047191e+000
6.614174557672813e-002	4.243733e+000	-4.243733e+000
6.623940182672812e-002	3.435320e+000	-3.435320e+000
6.633705807672811e-002	2.623644e+000	-2.623644e+000
6.643471432672811e-002	1.811159e+000	-1.811159e+000
6.653237057672810e-002	1.005544e+000	-1.005544e+000
6.663002682672810e-002	2.137007e-001	-2.137007e-001
6.663555471531134e-002	1.714371e-001	-1.714371e-001
6.664661049247780e-002	1.031444e-001	-1.031444e-001
6.666872204681074e-002	1.759826e-002	-1.759826e-002
6.667424993539398e-002	2.377527e-002	-2.377527e-002
6.668530571256044e-002	8.815361e-002	-8.815361e-002
6.670741726689337e-002	2.485689e-001	-2.485689e-001
6.675164037555924e-002	5.995607e-001	-5.995607e-001
6.684008659289098e-002	1.325379e+000	-1.325379e+000
6.693774284289097e-002	2.136223e+000	-2.136223e+000
6.703539909289097e-002	2.948952e+000	-2.948952e+000
6.713305534289096e-002	3.759547e+000	-3.759547e+000
6.723071159289096e-002	4.566169e+000	-4.566169e+000
6.732836784289095e-002	5.367220e+000	-5.367220e+000
6.742602409289095e-002	6.161362e+000	-6.161362e+000
6.752368034289094e-002	6.947370e+000	-6.947370e+000
6.762133659289094e-002	7.724076e+000	-7.724076e+000
6.771899284289093e-002	8.490351e+000	-8.490351e+000
6.781664909289092e-002	9.245101e+000	-9.245101e+000
6.791430534289092e-002	9.987263e+000	-9.987263e+000
6.801196159289091e-002	1.071580e+001	-1.071580e+001
6.810961784289091e-002	1.142969e+001	-1.142969e+001
6.820727409289090e-002	1.212796e+001	-1.212796e+001
6.830493034289090e-002	1.280963e+001	-1.280963e+001
6.840258659289089e-002	1.347377e+001	-1.347377e+001
6.859789909289088e-002	1.474583e+001	-1.474583e+001
6.879321159289087e-002	1.593718e+001	-1.593718e+001
6.898852409289086e-002	1.704130e+001	-1.704130e+001
6.928149284289084e-002	1.852087e+001	-1.852087e+001
6.957446159289082e-002	1.977259e+001	-1.977259e+001
6.986743034289081e-002	2.078113e+001	-2.078113e+001
7.016039909289079e-002	2.153413e+001	-2.153413e+001
7.045336784289077e-002	2.202240e+001	-2.202240e+001
7.074633659289076e-002	2.223995e+001	-2.223995e+001
7.103930534289074e-002	2.218412e+001	-2.218412e+001
7.133227409289072e-002	2.185561e+001	-2.185561e+001
7.162524284289071e-002	2.125841e+001	-2.125841e+001
7.191821159289069e-002	2.039985e+001	-2.039985e+001
7.221118034289067e-002	1.929043e+001	-1.929043e+001
7.250414909289066e-002	1.794373e+001	-1.794373e+001
7.279711784289064e-002	1.637624e+001	-1.637624e+001
7.309008659289062e-002	1.460721e+001	-1.460721e+001
7.338305534289061e-002	1.265838e+001	-1.265838e+001
7.367602409289059e-002	1.055379e+001	-1.055379e+001
7.396899284289057e-002	8.319616e+000	-8.319616e+000
7.426196159289056e-002	5.984089e+000	-5.984089e+000
7.455493034289054e-002	3.578288e+000	-3.578288e+000
7.484789909289052e-002	1.146254e+000	-1.146254e+000
7.494555534289052e-002	3.480885e-001	-3.480885e-001
7.495776237414052e-002	2.530995e-001	-2.530995e-001
7.498217643664053e-002	7.652237e-002	-7.652237e-002
7.498827995226552e-002	4.293513e-002	-4.293513e-002
7.500048698351552e-002	6.343604e-003	-6.343604e-003
7.500353874132802e-002	8.490047e-003	-8.490047e-003
7.500964225695302e-002	3.589883e-002	-3.589883e-002
7.502184928820302e-002	1.130673e-001	-1.130673e-001
7.504626335070302e-002	2.952136e-001	-2.952136e-001
7.509509147570302e-002	6.863618e-001	-6.863618e-001
7.529040397570301e-002	2.300733e+000	-2.300733e+000
7.558337272570299e-002	4.729949e+000	-4.729949e+000
7.587634147570298e-002	7.106606e+000	-7.106606e+000
7.616931022570296e-002	9.397762e+000	-9.397762e+000
7.646227897570294e-002	1.157391e+001	-1.157391e+001
7.675524772570293e-002	1.360780e+001	-1.360780e+001
7.704821647570291e-002	1.547427e+001	-1.547427e+001
7.734118522570289e-002	1.715033e+001	-1.715033e+001
7.763415397570288e-002	1.861540e+001	-1.861540e+001
7.792712272570286e-002	1.985152e+001	-1.985152e+001
7.822009147570284e-002	2.084355e+001	-2.084355e+001
7.851306022570283e-002	2.157933e+001	-2.157933e+001
7.880602897570281e-002	2.204989e+001	-2.204989e+001
7.909899772570279e-002	2.224945e+001	-2.224945e+001
7.939196647570278e-002	2.217558e+001	-2.217558e+001
7.968493522570276e-002	2.182917e+001	-2.182917e+001
7.997790397570274e-002	2.121448e+001	-2.121448e+001
8.027087272570273e-002	2.033901e+001	-2.033901e+001
8.056384147570271e-002	1.921348e+001	-1.921348e+001
8.085681022570269e-002	1.785167e+001	-1.785167e+001
8.105212272570268e-002	1.682066e+001	-1.682066e+001
8.124743522570267e-002	1.569761e+001	-1.569761e+001
8.144274772570266e-002	1.448867e+001	-1.448867e+001
8.163806022570265e-002	1.320045e+001	-1.320045e+001
8.173571647570264e-002	1.252880e+001	-1.252880e+001
8.183337272570264e-002	1.184001e+001	-1.184001e+001
8.193102897570263e-002	1.113503e+001	-1.113503e+001
8.202868522570263e-002	1.041484e+001	-1.041484e+001
8.212634147570262e-002	9.680426e+000	-9.680426e+000
8.222399772570262e-002	8.932823e+000	-8.932823e+000
8.232165397570261e-002	8.173077e+000	-8.173077e+000
8.241931022570261e-002	7.402265e+000	-7.402265e+000
8.251696647570260e-002	6.621493e+000	-6.621493e+000
8.261462272570259e-002	5.831907e+000	-5.831907e+000
8.271227897570259e-002	5.034704e+000	-5.034704e+000
8.280993522570258e-002	4.231158e+000	-4.231158e+000
8.290759147570258e-002	3.422680e+000	-3.422680e+000
8.300524772570257e-002	2.610970e+000	-2.610970e+000
8.310290397570257e-002	1.798501e+000	-1.798501e+000
8.320056022570256e-002	9.931966e-001	-9.931966e-001
8.329821647570256e-002	2.028081e-001	-2.028081e-001
8.330515429418259e-002	1.507066e-001	-1.507066e-001
8.331902993114265e-002	8.549375e-002	-8.549375e-002
8.334678120506278e-002	6.782129e-002	-6.782129e-002
8.335361718641399e-002	9.534726e-002	-9.534726e-002
8.336728914911641e-002	1.946567e-001	-1.946567e-001
8.339463307452126e-002	4.079142e-001	-4.079142e-001
8.344873909122473e-002	8.470340e-001	-8.470340e-001
8.354639534122473e-002	1.654009e+000	-1.654009e+000
8.364405159122472e-002	2.465855e+000	-2.465855e+000
8.374170784122471e-002	3.278078e+000	-3.278078e+000
8.383936409122471e-002	4.087525e+000	-4.087525e+000
8.393702034122470e-002	4.892106e+000	-4.892106e+000
8.403467659122470e-002	5.690497e+000	-5.690497e+000
8.413233284122469e-002	6.481479e+000	-6.481479e+000
8.422998909122469e-002	7.263850e+000	-7.263850e+000
8.432764534122468e-002	8.036455e+000	-8.036455e+000
8.442530159122468e-002	8.798182e+000	-8.798182e+000
8.452295784122467e-002	9.547950e+000	-9.547950e+000
8.462061409122466e-002	1.028470e+001	-1.028470e+001
8.471827034122466e-002	1.100742e+001	-1.100742e+001
8.481592659122465e-002	1.171508e+001	-1.171508e+001
8.491358284122465e-002	1.240673e+001	-1.240673e+001
8.501123909122464e-002	1.308139e+001	-1.308139e+001
8.520655159122463e-002	1.437611e+001	-1.437611e+001
8.540186409122462e-002	1.559214e+001	-1.559214e+001
8.559717659122461e-002	1.672282e+001	-1.672282e+001
8.589014534122459e-002	1.824545e+001	-1.824545e+001
8.618311409122458e-002	1.954359e+001	-1.954359e+001
8.647608284122456e-002	2.060136e+001	-2.060136e+001
8.676905159122454e-002	2.140580e+001	-2.140580e+001
8.706202034122453e-002	2.194707e+001	-2.194707e+001
8.735498909122451e-002	2.221854e+001	-2.221854e+001
8.764795784122449e-002	2.221690e+001	-2.221690e+001
8.794092659122448e-002	2.194217e+001	-2.194217e+001
8.823389534122446e-002	2.139771e+001	-2.139771e+001
8.852686409122444e-002	2.059017e+001	-2.059017e+001
8.881983284122443e-002	1.952943e+001	-1.952943e+001
8.911280159122441e-002	1.822850e+001	-1.822850e+001
8.940577034122439e-002	1.670329e+001	-1.670329e+001
8.969873909122438e-002	1.497252e+001	-1.497252e+001
8.999170784122436e-002	1.305745e+001	-1.305745e+001
9.028467659122434e-002	1.098170e+001	-1.098170e+001
9.057764534122433e-002	8.771008e+000	-8.771008e+000
9.087061409122431e-002	6.453198e+000	-6.453198e+000
9.116358284122429e-002	4.058613e+000	-4.058613e+000
9.145655159122428e-002	1.625347e+000	-1.625347e+000
9.155420784122427e-002	8.275866e-001	-8.275866e-001
9.165186409122426e-002	7.328763e-002	-7.328763e-002
9.166407112247427e-002	6.400027e-003	-6.400027e-003
9.166712288028676e-002	3.556264e-003	-3.556264e-003
9.167322639591176e-002	2.313977e-002	-2.313977e-002
9.168543342716176e-002	9.367718e-002	-9.367718e-002
9.170984748966177e-002	2.720520e-001	-2.720520e-001
9.175867561466176e-002	6.614472e-001	-6.614472e-001
9.185633186466176e-002	1.464023e+000	-1.464023e+000
9.214930061466174e-002	3.898650e+000	-3.898650e+000
9.244226936466173e-002	6.297446e+000	-6.297446e+000
9.273523811466171e-002	8.621472e+000	-8.621472e+000
9.302820686466169e-002	1.084034e+001	-1.084034e+001
9.332117561466168e-002	1.292609e+001	-1.292609e+001
9.361414436466166e-002	1.485284e+001	-1.485284e+001
9.390711311466164e-002	1.659682e+001	-1.659682e+001
9.420008186466163e-002	1.813661e+001	-1.813661e+001
9.449305061466161e-002	1.945331e+001	-1.945331e+001
9.478601936466159e-002	2.053079e+001	-2.053079e+001
9.507898811466158e-002	2.135586e+001	-2.135586e+001
9.537195686466156e-002	2.191843e+001	-2.191843e+001
9.566492561466154e-002	2.221162e+001	-2.221162e+001
9.595789436466153e-002	2.223183e+001	-2.223183e+001
9.625086311466151e-002	2.197883e+001	-2.197883e+001
9.654383186466149e-002	2.145571e+001	-2.145571e+001
9.683680061466148e-002	2.066886e+001	-2.066886e+001
9.712976936466146e-002	1.962791e+001	-1.962791e+001
9.742273811466144e-002	1.834561e+001	-1.834561e+001
9.771570686466143e-002	1.683766e+001	-1.683766e+001
9.791101936466141e-002	1.571602e+001	-1.571602e+001
9.810633186466140e-002	1.450839e+001	-1.450839e+001
9.830164436466139e-002	1.322136e+001	-1.322136e+001
9.839930061466139e-002	1.255027e+001	-1.255027e+001
9.849695686466138e-002	1.186200e+001	-1.186200e+001
9.859461311466138e-002	1.115752e+001	-1.115752e+001
9.869226936466137e-002	1.043779e+001	-1.043779e+001
9.878992561466136e-002	9.703814e+000	-9.703814e+000
9.888758186466136e-002	8.956611e+000	-8.956611e+000
9.898523811466135e-002	8.197231e+000	-8.197231e+000
9.908289436466135e-002	7.426752e+000	-7.426752e+000
9.918055061466134e-002	6.646277e+000	-6.646277e+000
9.927820686466134e-002	5.856952e+000	-5.856952e+000
9.937586311466133e-002	5.059971e+000	-5.059971e+000
9.947351936466133e-002	4.256604e+000	-4.256604e+000
9.957117561466132e-002	3.448257e+000	-3.448257e+000
9.966883186466131e-002	2.636618e+000	-2.636618e+000
9.976648811466131e-002	1.824118e+000	-1.824118e+000
9.986414436466130e-002	1.018201e+000	-1.018201e+000
9.996180061466130e-002	2.544469e-001	-2.544469e-001
1.000000000000000e-001	-4.541759e-008	4.541817e-008
